# Constructed from biom file
#OTU ID	B3	X18	X42	X22	X9	B1	X10	B8	X20	B7	C	X39	B11	X4	B10	X29	X2	B9	X19	B5	X33	X16	X40	D	X1	X17	B6	X3	X27	X12	X15	B4	X7	B2	X26	X13	X34	X32	X36	X35	X6	X5	X37	X21	X25	X23	B	X8	X11	X28	X24
D_0__Bacteria;D_1__Acidobacteria;D_2__Acidobacteriia;D_3__Acidobacteriales	0.0	0.0	0.0	0.0	0.0	0.0014665020067922197	0.0	0.0	0.0	0.0	0.0	0.0	0.0	0.0	0.0	0.0	0.0	0.0	0.0	0.0	0.0	0.0	0.0	0.0	0.0	0.0	0.0	0.0	0.0	0.0	0.0	0.0	0.0	0.002320185614849188	0.0	0.0	0.0	0.0	0.0	0.0	0.0	0.0	0.0	0.0	0.0	0.0	0.0	0.0	0.0	0.0	0.0
D_0__Bacteria;D_1__Acidobacteria;D_2__Acidobacteriia;D_3__Solibacterales	0.0	0.0	0.0	0.0	0.0	0.0	0.0	0.0	0.0	0.0	0.0	0.0	0.0	0.0	0.0	0.0	0.0	0.0	0.0	0.0	0.0	0.0	0.0	0.0	0.0	0.0	0.0	0.0	0.0	0.0018744709154674083	0.0	0.0	0.0	0.0010990352912443524	0.0	0.0	0.0	0.0	0.0	0.0	0.0	0.0	0.0	0.0	0.0	0.0	0.0	0.0	0.0	0.0	0.0
D_0__Bacteria;D_1__Acidobacteria;D_2__Blastocatellia (Subgroup 4);D_3__Blastocatellales	0.0	0.0	0.0	0.0	0.0	0.0014665020067922197	0.0	0.0	0.0	0.0	0.0	0.0	0.0	0.0	0.0	0.0	0.0	0.0	0.0	0.0	0.002301201738685758	0.0	0.0	0.0	0.0	0.0	0.0	0.0	0.0	0.00024186721489902045	0.0	0.0004487179487179487	0.0008273787138021812	0.001465380388325803	0.0	0.0	0.0	0.0	0.0	0.0	0.0	0.0	0.0	0.0	0.0	0.0	0.0	0.0	0.0	0.0	0.0
D_0__Bacteria;D_1__Acidobacteria;D_2__Holophagae;D_3__Subgroup 7	0.0	0.0	0.0	0.0	0.0	0.001389317690645261	0.0	0.0	0.0	0.0	0.0	0.0	0.0	0.0	0.0	0.0	0.0	0.0	0.0	0.0	0.0	0.0	0.0	0.0	0.0	0.0	0.0	0.0	0.0	0.0	0.0	0.0	0.0	0.0	0.0	0.0	0.0	0.0	0.0	0.0	0.0	0.0	0.0	0.0	0.0	0.0	0.0	0.0	0.0	0.0	0.0
D_0__Bacteria;D_1__Acidobacteria;D_2__Subgroup 6;Other	0.0	0.0	0.0	0.0	0.0	0.0	0.0	0.0	0.0	0.0	0.0	0.0	0.0	0.0	0.0	0.0	0.0	0.0	0.0	0.0	0.00025568908207619537	0.0	0.0	0.0	0.0	0.0	0.0	0.0	0.0	0.0	0.0	0.0	0.0	0.0	0.0	0.0	0.0	0.0	0.0	0.0	0.0	0.0	0.0	0.0	0.0	0.0	0.0	0.0	0.0	0.0	0.0
D_0__Bacteria;D_1__Acidobacteria;D_2__Thermoanaerobaculia;D_3__Thermoanaerobaculales	0.0	0.0	0.0	0.0	0.0	0.0	0.0	0.0	0.0	0.0	0.0	0.0	0.0002306805074971165	0.0	0.0	0.0	0.0	0.0	0.0	0.0	0.0	0.0	0.0	0.0	0.0	0.0	0.0	0.0	0.0	0.0	0.0	0.0	0.0	0.0	0.0	0.0	0.0	0.0	0.0	0.0	0.0	0.0	0.0	0.0	0.0	0.0	0.0	0.0	0.0	0.0	0.0
D_0__Bacteria;D_1__Actinobacteria;D_2__Acidimicrobiia;D_3__IMCC26256	0.0	0.0	0.0	0.0	0.00015109544195416772	0.0	0.0	0.0	0.0	0.0	0.0	0.0	0.0	0.0	0.0	0.0	0.0	0.0	0.0	0.00024144383412808595	0.0	0.0	0.0	0.0	0.0	0.0	0.0	0.0	0.0	0.0	0.0	0.0	0.0	0.0	0.0	0.0	0.0	0.0	0.0	0.0	0.0	0.0	0.0	0.0	0.0	0.0	0.0	0.0	0.0	0.0	0.0
D_0__Bacteria;D_1__Actinobacteria;D_2__Acidimicrobiia;D_3__Microtrichales	0.0	0.0	0.0	0.0	0.0	0.0	0.0	0.00042278828876440123	0.0	0.0	0.0	0.0	0.0	0.0	0.0	0.0	0.0	0.0	0.0	0.0	0.0	0.0	0.0	0.0	0.0	0.0005538120731031936	0.0	0.0	0.0	0.0	0.0	0.0	0.0	0.0	0.0	0.0	0.0	0.0	0.0	0.0	0.0	0.0	0.0	0.0	0.0	0.0	0.0	0.0	0.0	0.0	0.0
D_0__Bacteria;D_1__Actinobacteria;D_2__Acidimicrobiia;D_3__uncultured	0.0	0.0	0.0	0.0	0.0002518257365902795	0.0	0.0	0.0	0.0	0.0	0.0	0.0	0.0	0.0	0.0	0.0	0.0	0.0	0.0	0.0	0.0	0.0	0.0	0.0	0.0	0.0	0.0	0.0	0.0	0.0	0.0	0.0	0.0	0.0	0.0	0.0	0.0	0.0	0.0	0.0	0.0	0.0	0.0	0.0	0.0	0.0	0.0	0.0	0.0	0.0	0.0
D_0__Bacteria;D_1__Actinobacteria;D_2__Actinobacteria;D_3__Actinomycetales	0.0	0.020839580209895053	0.0003361344537815126	0.0	0.0	0.0	0.003561887800534283	0.001374061938484304	0.0	0.0	0.000531020444287105	0.0	0.00011534025374855825	0.0	0.0	6.225487144369047e-05	0.0	0.0	0.0	0.0	0.0	0.00026141512722202857	0.0	0.0	0.0	0.0	0.0	0.0	0.0	0.0	0.0	0.0	0.0	0.0	0.00012226433549333658	0.0	0.0	0.0	0.0	0.003135930527077554	0.0	0.0	0.0	0.0	0.0	0.0	0.0	0.0	0.0	0.0	0.0
D_0__Bacteria;D_1__Actinobacteria;D_2__Actinobacteria;D_3__Bifidobacteriales	0.02077716962121831	0.06416791604197901	0.048179271708683476	0.09143274379360701	0.01228909594560564	0.015899969126273544	0.10471950133570793	0.02050523200507346	0.06516290726817042	0.0071499013806706115	0.038587485618196284	0.042206542655548435	0.007381776239907728	0.001698841698841699	0.0013410818059901653	0.0018676461433107141	0.00743731406714832	0.012686491423931795	0.1509548963835839	0.01696142934749804	0.049731526463819994	0.022046009062391077	0.008630079597821534	0.000591847303395724	0.0037509377344336087	0.0144914159128669	0.052100840336134456	0.0009696186166774402	0.028503147586850075	0.058955133631636236	0.0004759638267491671	0.0040384615384615385	0.03264385107183152	0.019294175112956405	0.03350042792517422	0.015092613766293162	0.05534897025171625	0.03140578265204387	0.02201190982560612	0.07104088770956458	0.03279989419388969	0.019435674822415153	0.008358098068350668	0.23723723723723722	0.1557377049180328	0.0	0.0	0.0	0.0	0.0	0.0
D_0__Bacteria;D_1__Actinobacteria;D_2__Actinobacteria;D_3__Corynebacteriales	0.005173869237262751	0.003298350824587706	0.004033613445378151	0.0011358104819081617	0.0013094938302694533	0.0015436863229391787	0.06411398040961709	0.002536729732586407	0.036011080332409975	0.003780407626561473	0.005575714665014603	0.023220012828736366	0.0028835063437139567	0.00015444015444015445	0.00022351363433169424	6.225487144369047e-05	0.00010624734381640459	0.04232213539023647	0.019301097114993903	0.0016297458803645802	0.010611096906162108	0.004966887417218543	0.0020108923334729786	0.00029592365169786193	0.002250562640660165	0.16595901790659034	0.0012324929971988796	0.0004848093083387201	0.024539519701562134	0.007497883661869633	6.799483239273815e-05	0.0003846153846153846	0.004061677322301617	0.004274026132616925	0.0003667930064800098	0.0	0.006149885583524027	0.00016616816218012627	0.0009570395576350489	0.0025328669641780247	0.004496759687871975	0.0018745067087608523	0.0002786032689450223	0.02702702702702703	0.0	0.0	0.0	0.0	0.0	0.0	0.0
D_0__Bacteria;D_1__Actinobacteria;D_2__Actinobacteria;D_3__Frankiales	0.0	0.0	0.0	0.0	0.0006043817678166709	0.0	0.0021371326803205698	0.0	0.0007914523149980214	0.0	0.0	0.0	0.0	0.0	0.0	0.0	0.0	0.0	0.0	0.0	0.0	0.0	0.0	0.0	0.0	0.0	0.0	0.0	0.0	0.0019349377191921636	0.0	0.0	0.0	0.0021980705824887043	0.0	0.0	0.0	0.0	0.0	0.0	0.0	0.0	0.0	0.0	0.0	0.0	0.0	0.0	0.0	0.0	0.0
D_0__Bacteria;D_1__Actinobacteria;D_2__Actinobacteria;D_3__Kineosporiales	0.0	0.0	0.0	0.0	0.0	0.00030873726458783575	0.00017809439002671417	0.0	0.0	0.0	0.0	0.0	0.0	0.0	0.0	0.0	0.0	0.0	0.0	0.0007243315023842578	0.0	0.0	0.0	0.0	0.0	0.0	0.0	0.0	0.0	0.0	0.0	0.0	0.0	0.0004884601294419343	0.0	0.0	0.0	8.308408109006314e-05	0.0	0.0	0.0	0.0	0.0	0.0	0.0	0.0	0.0	0.0	0.0	0.0	0.0
D_0__Bacteria;D_1__Actinobacteria;D_2__Actinobacteria;D_3__Micrococcales	0.003921248264030716	0.004497751124437781	0.005714285714285713	0.009897777056628265	0.0013094938302694533	0.0048626119172584135	0.16331255565449684	0.004016488743261812	0.015169502704128743	0.002465483234714004	0.006195238516682893	0.009621552277100705	0.006459054209919261	0.0	0.0011175681716584713	0.00012450974288738095	0.00010624734381640459	0.003044757941743632	0.0002031694433157253	0.003983823263113419	0.06443364868320123	0.007406761937957477	0.005362379555927943	0.0008137900421691204	0.0	0.0029536643898836995	0.00896358543417367	0.0014544279250161603	0.004429937048262998	0.008223485306566697	6.799483239273815e-05	0.0007692307692307692	0.007747273411056788	0.009280742459396751	0.009903411174960264	0.05716899153898925	0.008724256292906178	0.00423728813559322	0.019034453424074862	0.002894705101917742	0.031477317815103815	0.004735595895816891	0.0003714710252600297	0.0	0.0	0.0	0.0	0.0	0.0	0.0	0.0
D_0__Bacteria;D_1__Actinobacteria;D_2__Actinobacteria;D_3__Propionibacteriales	0.0	0.0002998500749625187	0.0	0.00032451728054518905	0.0009065726517250062	0.0	0.0	0.0	0.00593589236248516	0.0	0.0002655102221435525	0.0	0.0	0.0	0.0	0.0	0.0	0.0003044757941743631	0.0	0.0006036095853202149	0.0	0.0	0.0	0.0	0.0	0.0	0.0	0.0	0.0007577523898344603	6.046680372475511e-05	0.0	0.0	0.0	0.00170961045304677	0.0	0.0003049012882079427	0.0	0.0	0.0007443641003828158	0.00012061271257990592	0.0	0.0	0.0	0.0	0.0	0.0	0.0	0.0	0.0	0.0	0.0
D_0__Bacteria;D_1__Actinobacteria;D_2__Actinobacteria;D_3__Pseudonocardiales	0.0007896958309506304	0.0	0.0	0.0	0.0	0.0	0.00017809439002671417	0.00010569707219110031	0.0007914523149980214	0.0	0.0	0.0001282873636946761	0.0	0.0	0.0	0.0	0.0	0.0	0.0020316944331572532	0.0	0.0010227563283047815	0.0024398745207389336	0.0	0.0	0.0	0.0	0.000896358543417367	0.0	0.0	0.0008465352521465715	0.0	0.0004487179487179487	0.003309514855208725	0.0013432653559653192	0.0007335860129600196	0.00015245064410397135	0.0	0.00041542040545031574	0.0	0.0	0.0003967729136357624	0.0007892659826361484	0.0002786032689450223	0.0	0.0	0.0	0.0	0.0	0.0	0.0	0.0
D_0__Bacteria;D_1__Actinobacteria;D_2__Actinobacteria;D_3__Streptomycetales	0.0	0.0	0.0	0.0007301638812266753	0.0	0.0	0.0	0.0	0.001187178472497032	0.0	0.0	0.0	0.0	0.0	0.0	0.0	0.0	0.0	0.0	0.0	0.0	0.0	0.0	0.0	0.0	0.0	0.0	0.0	0.0	0.0	0.0	0.0	0.0	0.0	0.0	0.0	0.0	0.00041542040545031574	0.0	0.0	0.0	0.0	0.0	0.0	0.0	0.0	0.0	0.0	0.0	0.0	0.0
D_0__Bacteria;D_1__Actinobacteria;D_2__Actinobacteria;D_3__Streptosporangiales	0.0028864744165781665	0.0	0.0019047619047619048	0.0014603277624533507	0.0	0.0	0.0	0.0	0.0	0.0	0.0	0.0021808851828094933	0.0	0.0	0.0	0.0	0.00010624734381640459	0.0009134273825230895	0.0038602194229987808	0.0	0.0	0.003921226908330429	0.00016757436112274822	0.0	0.0	0.0	0.0	0.0	0.0	0.0	0.0	0.0002564102564102564	0.000376081233546446	0.0	0.0011003790194400293	0.000228675966155957	0.0	0.0	0.0	0.0	0.005951593704536437	0.0	0.0010215453194650818	0.0	0.0	0.0	0.0	0.0	0.0	0.0	0.0
D_0__Bacteria;D_1__Actinobacteria;D_2__Coriobacteriia;D_3__Coriobacteriales	0.0004356942515589685	0.0011994002998500749	0.0	0.005435664449131916	0.0005540166204986149	0.0	0.0	0.0	0.0	0.0	0.0	0.0	0.0	0.0	0.0	0.0	0.0	0.0	0.0	0.0	0.0	0.0	0.0	0.0	0.0	0.0020306442680450435	0.0	0.0	0.0	0.0018140041117426532	0.0	0.0	0.0	0.00036634509708145075	0.0	0.0	0.0	0.0	0.0018077413866439815	0.0006030635628995297	0.0	0.0	0.0	0.006006006006006006	0.0	0.0	0.0	0.0	0.0	0.0	0.0
D_0__Bacteria;D_1__Actinobacteria;D_2__Thermoleophilia;D_3__Gaiellales	0.0	0.0	0.0	0.0	0.0017124150088139007	0.0003859215807347947	0.0	0.0	0.0	0.0	0.0	0.0	0.0	0.0	0.0	0.0	0.0	0.0	0.0	0.0	0.0	0.0	0.0	0.0	0.0	0.0	0.0	0.0	0.0	0.0	0.0	0.0	0.0	0.0	0.0	0.0	0.0	0.0	0.0	0.0	0.0	0.0	0.0	0.0	0.0	0.0	0.0	0.0	0.0	0.0	0.0
D_0__Bacteria;D_1__Actinobacteria;D_2__Thermoleophilia;D_3__Solirubrobacterales	0.0	0.0	0.0	0.0	0.0009065726517250063	0.0003859215807347947	0.0	0.00042278828876440123	0.0	0.0	0.0	0.0	0.0	0.0	0.0	0.0	0.0	0.0	0.0	0.00012072191706404298	0.0	0.0006099686301847334	0.0	0.0	0.0	0.0	0.0	0.0	0.0	0.0	0.0	0.0	0.0	0.0015874954206862866	0.0	0.0	0.0	0.0	0.0	0.0	0.0	0.0	0.0	0.0	0.0	0.0	0.0	0.0	0.0	0.0	0.0
D_0__Bacteria;D_1__Armatimonadetes;D_2__uncultured;D_3__uncultured bacterium	0.0	0.0	0.0	0.0	0.0	0.0	0.0	0.0	0.0	0.0	0.0	0.0	0.0	0.0	0.0	0.0	0.0	0.0	0.0	0.0009054143779803223	0.0	0.0	0.0	0.0	0.0	0.0	0.0	0.0	0.0	0.0	0.0	0.0	0.0	0.0	0.0	0.0	0.0	0.0	0.0	0.0	0.0	0.0	0.0	0.0	0.0	0.0	0.0	0.0	0.0	0.0	0.0
D_0__Bacteria;D_1__Bacteroidetes;D_2__Bacteroidia;D_3__Bacteroidales	0.0	0.005847076461769116	0.002689075630252101	0.0	0.0	0.0004631058968817536	0.003561887800534283	0.0	0.0	0.0004930966469428008	0.0017700681476236838	0.0	0.0012687427912341407	0.0	0.0	6.225487144369047e-05	0.0	0.0	0.0	0.0014486630047685157	0.0011506008693428793	0.0012199372603694668	0.0	7.398091292446548e-05	0.000900225056264066	0.00526121469448034	0.012773109243697478	0.0	0.005071112147353696	0.004716410690530899	0.0	0.0001923076923076923	0.0023317036479879654	0.0036634509708145073	0.0029343440518400784	0.0012196051528317708	0.0	0.0013293452974410102	0.0008507018290089324	0.006271861054155108	0.00039677291363576247	0.0	0.0005572065378900445	0.009009009009009009	0.0	0.0	0.0	0.0	0.0	0.0	0.0
D_0__Bacteria;D_1__Bacteroidetes;D_2__Bacteroidia;D_3__Chitinophagales	0.0	0.0	0.0	0.0	0.002064971040040292	0.0020839765359678916	0.0	0.0	0.0	0.0	0.0	0.0	0.0016147635524798153	0.0	0.0	0.0	0.0	0.0	0.0	0.0011468582121084083	0.003068268984914344	0.0	0.0	0.0	0.0	0.0	0.0	0.0	0.0	0.0019349377191921634	0.0	0.0	0.0	0.00170961045304677	0.0022007580388800586	0.0	0.0	0.0	0.0	0.0	0.0	0.0	0.0	0.0	0.0	0.0	0.0	0.0	0.0	0.0	0.0
D_0__Bacteria;D_1__Bacteroidetes;D_2__Bacteroidia;D_3__Cytophagales	0.00035400157939166193	0.00014992503748125936	0.00011204481792717087	0.0	0.003575925459581969	0.0050169805495523315	0.01585040071237756	0.004439277032026213	0.01398232423163171	0.0	0.0	0.005131494547787043	0.0016147635524798153	0.0	0.0	0.0	0.0	0.00010149193139145438	0.0	0.006579344479990342	0.003451802608028637	0.0010456605088881143	0.001591956430666108	0.0	7.501875468867217e-05	0.0	0.0020168067226890756	0.0	0.0015155047796689203	0.02140524851856331	6.799483239273815e-05	0.0	0.00015043249341857841	0.010990352912443524	0.0004890573419733463	0.0	0.0	0.0	0.0	0.0007236762754794355	0.0	0.0	0.0	0.0	0.0	0.0	0.0	0.0	0.0	0.0	0.0
D_0__Bacteria;D_1__Bacteroidetes;D_2__Bacteroidia;D_3__Flavobacteriales	0.0018789314598480517	0.002098950524737631	0.0019047619047619048	0.0029206555249067013	0.009317552253840344	0.0051713491818462486	0.029029385574354406	0.003065215093541909	0.024007386888273315	0.0	0.0	0.017447081462475946	0.009111880046136101	0.0	0.0	0.0008715682002116666	0.0	0.0028417740789607225	0.00914262494920764	0.0064586225629263	0.031066223472257733	0.0019170442662948763	0.0027649769585253456	7.398091292446548e-05	0.0	0.001661436219309581	0.00392156862745098	0.00016160310277957336	0.002972720913965959	0.014632966501390737	6.799483239273815e-05	0.0007051282051282052	0.004362542309138774	0.03394797899621443	0.007824917471573541	0.0	0.01530320366132723	0.00016616816218012627	0.0	0.0010855144132191534	0.0	0.0	0.0	0.0	0.0	0.0	0.0	0.0	0.0	0.0	0.0
D_0__Bacteria;D_1__Bacteroidetes;D_2__Bacteroidia;D_3__Sphingobacteriales	0.0022873948206845844	0.0	0.0	0.0017037157228622425	0.013497859481238985	0.00926211793763507	0.014247551202137132	0.0031709121657330095	0.03192191003825353	0.0	0.0	0.016549069916613215	0.0005767012687427913	0.0	0.0	0.0	0.0	0.0012179031766974525	0.00954896383583909	0.004949598599625762	0.03260035796471491	0.0003485535029627048	0.000754084625052367	0.0	0.0003000750187546887	0.0	0.004705882352941176	0.0004848093083387201	0.0016320820704126835	0.006530414802273553	0.0	0.000641025641025641	0.0006017299736743137	0.008548052265233851	0.0019562293678933853	0.0	0.006292906178489702	0.0	0.0	0.0	0.0	0.0	0.0	0.0	0.01639344262295082	0.0	0.0	0.0	0.0	0.0	0.0
D_0__Bacteria;D_1__Bacteroidetes;D_2__Rhodothermia;D_3__Rhodothermales	0.0	0.0	0.0	0.0	0.0	0.0	0.0	0.0	0.0	0.0	0.0	0.0	0.0	0.0	0.0	0.0	0.0	0.0	0.0	0.0	0.001150600869342879	0.0	0.0	0.0	0.0	0.0	0.0	0.0	0.0	0.0	0.0	0.0	0.0	0.0	0.0	0.0	0.0	0.0	0.0	0.0	0.0	0.0	0.0	0.0	0.0	0.0	0.0	0.0	0.0	0.0	0.0
D_0__Bacteria;D_1__Chlamydiae;D_2__Chlamydiae;D_3__Chlamydiales	0.0	0.0	0.0	0.0	0.0	0.0	0.0	0.0007398795053377022	0.0	0.0	0.0	0.0	0.0	0.0	0.0	0.0	0.0	0.0	0.0	0.0	0.0	0.0	0.0	0.0	0.0	0.0	0.0	0.0	0.0	0.0	0.0	0.0	0.0	0.0	0.0	0.0	0.0	0.0	0.0	0.0	0.0	0.0	0.0	0.0	0.0	0.0	0.0	0.0	0.0	0.0	0.0
D_0__Bacteria;D_1__Chloroflexi;D_2__Anaerolineae;D_3__RBG-13-54-9	0.0	0.0	0.0	0.0	0.0	0.0	0.0	0.0	0.0	0.0	0.0	0.0	0.0	0.0	0.0	0.0	0.0	0.0	0.0	0.0006036095853202149	0.0	0.0	0.0	0.0	0.0	0.0	0.0	0.0	0.0	0.0	0.0	0.0	0.0	0.0	0.0	0.0	0.0	0.0	0.0	0.0	0.0	0.0	0.0	0.0	0.0	0.0	0.0	0.0	0.0	0.0	0.0
D_0__Bacteria;D_1__Chloroflexi;D_2__Chloroflexia;D_3__Chloroflexales	0.0	0.0	0.0	0.0	0.0	0.0	0.004096170970614425	0.0	0.0	0.0	0.0	0.0	0.0	0.0	0.0	0.0	0.0	0.0	0.0	0.0	0.0	0.0	0.0	0.0	0.0	0.0	0.0	0.0	0.0	0.0	0.0	0.0	0.0	0.0	0.0	0.0	0.0	0.0	0.0	0.0	0.0	0.0	0.0	0.0	0.0	0.0	0.0	0.0	0.0	0.0	0.0
D_0__Bacteria;D_1__Chloroflexi;D_2__Gitt-GS-136;D_3__uncultured bacterium	0.0012798518639544698	0.0	0.0	0.0	0.0	0.0	0.0	0.0	0.0	0.0	0.0	0.0	0.0	0.0	0.0	0.0	0.0	0.0	0.0	0.0	0.0	0.0	0.0	0.0	0.0	0.0	0.0	0.0	0.0	0.0	0.0	0.0	0.0	0.0	0.0	0.0	0.0	0.0	0.0	0.0	0.0	0.0	0.0	0.0	0.0	0.0	0.0	0.0	0.0	0.0	0.0
D_0__Bacteria;D_1__Chloroflexi;D_2__KD4-96;D_3__uncultured bacterium	0.0	0.0	0.0	0.0	0.000554016620498615	0.0	0.0	0.0	0.0	0.0	0.0	0.0	0.0	0.0	0.0	0.0	0.0	0.0	0.0	0.0	0.0	0.0	0.0	0.0	0.0	0.0	0.0	0.0	0.0	0.0	0.0	0.0	0.0	0.0	0.0	0.0	0.0	0.0	0.0	0.0	0.0	0.0	0.0	0.0	0.0	0.0	0.0	0.0	0.0	0.0	0.0
D_0__Bacteria;D_1__Cyanobacteria;D_2__Sericytochromatia;Ambiguous_taxa	0.0	0.0	0.0	0.0032451728054518902	0.0	0.0	0.0	0.0	0.0	0.0	0.0	0.0030788967286722257	0.0	0.0	0.0	0.0	0.0	0.0003044757941743631	0.0	0.0	0.00025568908207619537	0.0	0.0	0.0	0.0	0.0	0.0	0.0	0.0	0.0	6.799483239273815e-05	0.0	0.0	0.0	0.0004890573419733463	0.0	0.0	0.0	0.0	0.0	0.0	0.0	0.0	0.0	0.0	0.0	0.0	0.0	0.0	0.0	0.0
D_0__Bacteria;D_1__Deinococcus-Thermus;D_2__Deinococci;D_3__Deinococcales	0.001688315224791003	0.0014992503748125937	0.0021288515406162464	0.0	0.0002014605892722236	0.0	0.03508459483526269	0.0	0.0	8.21827744904668e-05	0.0	0.0014111610006414367	0.000922722029988466	0.0	0.0	0.00012450974288738095	0.0	0.0	0.0	0.0	0.012017386857581181	0.0010456605088881143	0.00033514872224549644	0.0	0.0	0.0005538120731031936	0.0	0.0	0.0	0.0	0.0	0.0	0.0008273787138021812	0.0	0.0011003790194400293	0.0	0.0002860411899313501	0.0004985044865403788	0.0	0.0	0.0	0.0	0.0	0.0	0.01639344262295082	0.0	0.0	0.0	0.0	0.0	0.0
D_0__Bacteria;D_1__Dependentiae;D_2__Babeliae;D_3__Babeliales	0.0	0.0	0.0	0.0	0.0	0.0	0.0	0.0	0.0	0.0	0.0	0.0	0.0	0.0	0.0	0.0	0.0	0.0	0.0	0.0	0.0	0.0	0.0	0.0	0.0	0.0	0.0	0.0	0.0	0.0	0.0	0.0	0.0	0.0	0.0009781146839466927	0.0	0.0	0.0	0.0	0.0	0.0	0.0	0.0	0.0	0.0	0.0	0.0	0.0	0.0	0.0	0.0
D_0__Bacteria;D_1__Epsilonbacteraeota;D_2__Campylobacteria;D_3__Campylobacterales	0.4206083380987392	0.00014992503748125936	0.00515406162464986	0.6392990426740224	0.7545706371191137	0.8484871874035196	0.006411398040961709	0.6464432935207695	0.0	0.8860124917817225	0.0	0.0	0.8351787773933104	0.00015444015444015445	0.25726419311578	0.004544605615389404	0.0	0.8573023444636152	0.0008126777732629012	0.7187782941993118	0.009588340577857325	0.0	0.6091328026811897	0.0	0.24696174043510877	0.0017537382314934465	0.5669467787114846	0.023270846800258566	0.3645371881557473	0.39430402708912804	6.799483239273815e-05	0.9387179487179488	0.7013915005641218	0.5401147881304189	0.0050128377552268	0.0	0.0	0.060900631439016285	0.004572522330923012	0.0	0.0	0.009865824782951855	9.286775631500742e-05	0.012012012012012012	0.0	0.0	0.0	0.0	0.0	0.0	0.0
D_0__Bacteria;D_1__FBP;Ambiguous_taxa;Ambiguous_taxa	0.0	0.0	0.0	0.0	0.0004029211785444472	0.0	0.0	0.0	0.0	0.0	0.0	0.0	0.0	0.0	0.0	0.0	0.0	0.0	0.0	0.0	0.0	0.0	0.0	0.0	0.0	0.0	0.0	0.0	0.0	0.0	0.0	0.0	0.0	0.0	0.0	0.0	0.0	0.0	0.0	0.0	0.0	0.0	0.0	0.0	0.0	0.0	0.0	0.0	0.0	0.0	0.0
D_0__Bacteria;D_1__FBP;D_2__uncultured bacterium;D_3__uncultured bacterium	8.169267216730659e-05	0.0	0.0	0.0	0.0	0.0	0.0028495102404274266	0.0	0.001055269753330695	0.0	0.0	0.0	0.0	0.0	0.0	0.0	0.0	0.0	0.0	0.0	0.001534134492457172	0.0	0.00033514872224549644	0.0	0.0	0.0	0.0	0.0	0.0	0.0	0.0	0.0	0.0	0.0	0.0	0.0	0.0	0.0	0.0	0.0	0.0	0.0	0.0	0.0	0.0	0.0	0.0	0.0	0.0	0.0	0.0
D_0__Bacteria;D_1__Firmicutes;D_2__Bacilli;D_3__Bacillales	0.006344797538327478	0.03223388305847076	0.005154061624649859	0.03318189193574558	0.013296398891966762	0.005016980549552331	0.0201246660730187	0.011520980868829933	0.06146946313151299	0.0014792899408284023	0.0106204088857421	0.11443232841565107	0.006689734717416378	0.0	0.0006705409029950827	0.0028014692149660714	0.003081172970675733	0.005074596569572719	0.011580658268996343	0.018953340979054746	0.06021477882894401	0.010718020216103172	0.002932551319648094	0.00022194273877339645	0.002550637659414854	0.009876315303673621	0.022521008403361346	0.0016160310277957338	0.028153415714618792	0.035191679767807474	0.00040796899435642894	0.005256410256410256	0.02075968409176382	0.010135547685920137	0.01613889228512043	0.0009147038646238282	0.015875286041189932	0.005400465270854103	0.006592939174819226	0.025569895066940056	0.0338579552969184	0.005820836621941595	0.002414561664190193	0.024024024024024024	0.09836065573770492	0.0	0.0	0.0	0.0	0.5	0.0
D_0__Bacteria;D_1__Firmicutes;D_2__Bacilli;D_3__Lactobacillales	0.3175938784957655	0.6943028485757121	0.7316526610644256	0.03683271134187896	0.012943842860740368	0.0038592158073479472	0.12733748886910062	0.005813338970510517	0.04920195224904365	0.015121630506245891	0.8574210107089124	0.17370109044259138	0.07243367935409455	0.9950579150579152	0.6923334823424229	0.055531345327771896	0.9718444538886528	0.02750431340708414	0.1487200325071109	0.03404358061206012	0.42853490155970336	0.7924363889857097	0.3303728529534983	0.992675889620478	0.7155288822205551	0.4988923758537936	0.02946778711484594	0.9542663219133807	0.01771974819305199	0.009795622203410329	0.9881688991636635	0.00826923076923077	0.03918766453553968	0.015142264012699962	0.08961975791661575	0.872322585562924	0.5361842105263157	0.45405450315719514	0.9148234793704806	0.670365456519117	0.6955429176034916	0.8398776637726914	0.9657317979197623	0.04504504504504505	0.3852459016393443	0.0	0.0	0.0	1.0	0.5	1.0
D_0__Bacteria;D_1__Firmicutes;D_2__Clostridia;D_3__Clostridiales	0.012335593497263295	0.024737631184407798	0.03775910364145658	0.024825571961706965	0.008108788718207001	0.010342698363692497	0.09599287622439892	0.01120388965225663	0.06503099854900408	0.004026955950032872	0.02770156651031065	0.02912123155869147	0.0035755478662053055	0.00046332046332046335	0.0030174340634778725	0.002925978957853453	0.00648108797280068	0.00811935451131635	0.1351076798049573	0.01702179030603006	0.011633853234466888	0.0053154409201812474	0.006870548806032677	0.00014796182584893096	0.007426856714178545	0.03941295920251061	0.0472829131652661	0.008888170652876535	0.013756120307764049	0.045954770830813875	0.003467736452029646	0.006474358974358974	0.02873260624294847	0.036512394675784585	0.022374373395280596	0.015168839088345149	0.03832951945080092	0.03880026586905949	0.0073373032752020425	0.08611747678205282	0.12538024070890094	0.013220205209155485	0.004921991084695393	0.14414414414414412	0.11475409836065574	0.0	0.0	0.0	0.0	0.0	0.0
D_0__Bacteria;D_1__Firmicutes;D_2__Erysipelotrichia;D_3__Erysipelotrichales	0.002042316804182665	0.0	0.0	0.0	0.0	0.0	0.0	0.0	0.005012531328320802	0.0	0.0	0.0	0.0	0.0	0.0	0.0	0.0	0.0	0.056074766355140186	0.001871189714492666	0.0016619790334952698	0.0	0.0	7.398091292446548e-05	0.0	0.002399852316780506	0.0014565826330532213	0.0	0.0	0.0	0.0	0.0	0.0013538924407672057	0.0	0.003545665729306761	0.000914703864623828	0.0	0.00041542040545031574	0.0	0.0	0.0	0.0004932912391475928	0.0010215453194650816	0.015015015015015015	0.02459016393442623	0.0	0.0	0.0	0.0	0.0	0.0
D_0__Bacteria;D_1__Firmicutes;D_2__Negativicutes;D_3__Selenomonadales	0.0	0.0008995502248875562	0.003137254901960784	0.0	0.0009569377990430622	0.0	0.02493321460373998	0.0014797590106754043	0.006199709800817834	0.0007396449704142013	0.0	0.0	0.00034602076124567473	0.0	0.00011175681716584712	0.0	0.0	0.0005074596569572719	0.0	0.002595521216876924	0.0	0.003049843150923667	0.00033514872224549644	0.0	0.0	0.008030275059996308	0.0033613445378151263	0.0	0.0015155047796689206	0.006832748820897327	0.0	0.0008333333333333334	0.00285821737495299	0.0	0.015160777601173738	0.000228675966155957	0.0037185354691075512	0.005566633433034231	0.002126754572522331	0.0	0.0007935458272715249	0.0	0.0007429420505200594	0.0	0.0	0.0	0.0	0.0	0.0	0.0	0.0
D_0__Bacteria;D_1__Fusobacteria;D_2__Fusobacteriia;D_3__Fusobacteriales	0.001334313645399341	0.004347826086956522	0.0	0.0	0.0	0.0	0.009973285841495993	0.0	0.0	0.0	0.0	0.0	0.0	0.0	0.0	0.0	0.0	0.0	0.0	0.0	0.0	0.0	0.0	0.0	0.0	0.0	0.0	0.0	0.0	0.0	0.0	0.0	0.0	0.0	0.0	0.0	0.002860411899313501	0.0	0.0	0.0	0.0	0.0003946329913180742	0.0	0.0	0.0	0.0	0.0	0.0	0.0	0.0	0.0
D_0__Bacteria;D_1__Gemmatimonadetes;D_2__Gemmatimonadetes;D_3__Gemmatimonadales	0.0	0.0	0.0	0.0	0.00030219088390833545	0.0	0.0	0.0	0.0	0.0	0.0	0.0	0.0	0.0	0.0	0.0	0.0	0.0	0.0	0.0	0.0	0.0	0.0	0.0	0.0	0.0	0.0	0.0	0.0	0.0025396057564397146	0.0	0.0	0.0	0.0	0.0	0.0	0.0	0.0	0.0	0.0	0.0	0.0	0.0	0.0	0.0	0.0	0.0	0.0	0.0	0.0	0.0
D_0__Bacteria;D_1__Patescibacteria;D_2__Saccharimonadia;D_3__Saccharimonadales	0.0	0.0	0.0	0.0	0.0001007302946361118	0.0	0.0	0.0	0.0	0.0	0.0	0.0	0.0	0.0	0.0	0.0	0.0	0.0	0.0	0.0	0.0	0.0	0.0	0.0	0.0	0.0	0.0	0.0	0.0	0.0	0.0	0.0	0.0	0.0	0.0	0.0	0.0	0.0	0.0	0.0	0.0	0.0	0.0	0.0	0.0	0.0	0.0	0.0	0.0	0.0	0.0
D_0__Bacteria;D_1__Planctomycetes;D_2__Planctomycetacia;D_3__Isosphaerales	0.0	0.0	0.0	0.0	0.0	0.0	0.0	0.0	0.0007914523149980214	0.0	0.0	0.0	0.0	0.0	0.0	0.0	0.0	0.0	0.0	0.0	0.0	0.0	0.0	0.0	0.0	0.0	0.0	0.0	0.0	0.0	0.0	0.0	0.0	0.0	0.0	0.0	0.0	0.0	0.0	0.0	0.0	0.0	0.0	0.0	0.0	0.0	0.0	0.0	0.0	0.0	0.0
D_0__Bacteria;D_1__Proteobacteria;D_2__Alphaproteobacteria;D_3__Acetobacterales	0.0	0.0	0.0	0.00024338796040889178	0.0008058423570888946	0.001157764742204384	0.0	0.00010569707219110031	0.002374356944994064	8.21827744904668e-05	0.0	0.0	0.0005767012687427913	0.0	0.0	0.0	0.0	0.0	0.0	0.0	0.000767067246228586	0.0	0.0006702974444909929	7.398091292446548e-05	0.0	9.230201218386561e-05	0.0	0.00016160310277957336	0.0	0.0	0.0	0.0	0.0	0.0012211503236048357	0.0022007580388800586	0.0008384785425718424	0.002002288329519451	0.0	0.00010633772862611655	0.0	0.0	0.0	9.286775631500742e-05	0.0	0.0	0.5	0.0	0.0	0.0	0.0	0.0
D_0__Bacteria;D_1__Proteobacteria;D_2__Alphaproteobacteria;D_3__Azospirillales	0.0	0.0	0.0	0.0	0.0	0.0	0.0	0.0	0.0	0.0	0.0	0.0	0.0	0.0	0.0	0.0	0.0	0.0	0.0	0.0016297458803645802	0.0	0.0	0.0	0.0	0.0	0.0	0.0	0.0	0.0	0.0	0.0	0.0	0.0	0.0	0.0	0.0	0.0	0.0	0.0	0.0	0.0	0.0	0.0	0.0	0.0	0.0	0.0	0.0	0.0	0.0	0.0
D_0__Bacteria;D_1__Proteobacteria;D_2__Alphaproteobacteria;D_3__Caulobacterales	0.0	0.0	0.0	0.0	0.00332409972299169	0.0035504785427601113	0.00017809439002671417	0.00031709121657330094	0.0	0.0	0.0	0.003335471456061578	0.0006920415224913495	0.0	0.0	0.0	0.0	0.0	0.004469727752945957	0.001991911631556709	0.003963180772181028	0.0006099686301847334	0.0	0.0	0.0002250562640660165	0.0	0.002352941176470588	0.0	0.0	0.0016326037005683879	0.0	0.0	0.0	0.0041519111002564415	0.0	0.0	0.0	0.0018278497839813892	0.0	0.0	0.0	0.0	0.00018573551263001485	0.0	0.0	0.0	0.0	0.0	0.0	0.0	0.0
D_0__Bacteria;D_1__Proteobacteria;D_2__Alphaproteobacteria;D_3__Elsterales	0.0	0.0	0.0	0.0	0.00015109544195416772	0.0	0.0	0.0	0.0	0.0	0.0	0.0	0.0	0.0	0.0	0.0	0.0	0.0	0.0	0.0	0.0	0.0	0.0	0.0	0.0	0.0	0.0	0.0	0.0	0.0	0.0	0.0	0.0	0.0	0.0	0.0	0.0	0.0	0.0	0.0	0.0	0.0	0.0	0.0	0.0	0.0	0.0	0.0	0.0	0.0	0.0
D_0__Bacteria;D_1__Proteobacteria;D_2__Alphaproteobacteria;D_3__Micavibrionales	0.0	0.0	0.0	0.0	0.001561319566859733	0.0	0.0	0.0	0.0	0.0	0.0	0.0	0.0	0.0	0.0	0.0	0.0	0.0	0.0	0.0	0.0	0.0	0.0	0.0	0.0	0.0	0.0	0.0	0.0	0.0	0.0	0.0	0.0	0.0	0.0	0.0	0.0	0.0	0.0	0.0	0.0	0.0	0.0	0.0	0.0	0.0	0.0	0.0	0.0	0.0	0.0
D_0__Bacteria;D_1__Proteobacteria;D_2__Alphaproteobacteria;D_3__Rhizobiales	0.0	0.002098950524737631	0.001792717086834734	0.0	0.0033744648703097455	0.006715035504785428	0.027426536064113976	0.007293097981185922	0.02638174383326738	0.0009040105193951348	0.00212408177714842	0.007568954457985889	0.000922722029988466	0.00015444015444015445	0.0012293249888243184	0.0004980389715495238	0.0009562260943476413	0.00010149193139145438	0.01706623323852093	0.014064103337961011	0.013935054973152646	0.005315440920181247	0.0008378718056137411	0.0008137900421691203	0.0003000750187546887	0.0020306442680450435	0.0013445378151260505	0.0003232062055591467	0.0014572161342970389	0.025033256742048617	0.0005439586591419052	0.0007051282051282052	0.003986461075592329	0.01929417511295641	0.01296001956229368	0.0	0.008295194508009153	0.0012462612163509472	0.00031901318587834965	0.0	0.0	0.0031570639305445935	0.0004643387815750371	0.012012012012012012	0.00819672131147541	0.0	0.0	0.0	0.0	0.0	0.0
D_0__Bacteria;D_1__Proteobacteria;D_2__Alphaproteobacteria;D_3__Rhodobacterales	0.0	0.0	0.0	0.0	0.003374464870309746	0.0	0.0	0.0007398795053377022	0.0022424482258277274	0.0	0.002566598814054341	0.0	0.0002306805074971165	0.0	0.0	0.0	0.0	0.0009134273825230895	0.0	0.0004828876682561719	0.000383533623114293	0.0	0.00016757436112274822	0.0	0.0	0.0	0.004257703081232493	0.0	0.0	0.0	0.0	6.41025641025641e-05	0.0015795411808950733	0.0010990352912443521	0.0034234013938134245	0.008384785425718423	0.002717391304347826	0.0	0.0	0.0	0.0	0.0	0.0	0.018018018018018018	0.0	0.0	0.0	0.0	0.0	0.0	0.0
D_0__Bacteria;D_1__Proteobacteria;D_2__Alphaproteobacteria;D_3__Rickettsiales	5.4461781444871064e-05	0.0	0.0	0.0	0.0001007302946361118	0.00015436863229391788	0.0	0.00031709121657330094	0.0	0.0001643655489809336	0.0	0.0	0.00011534025374855825	0.00015444015444015445	0.00011175681716584712	0.0001867646143310714	0.00021249468763280918	0.00010149193139145438	0.0002031694433157253	0.0	0.00025568908207619537	0.0001742767514813524	8.378718056137411e-05	0.0	0.0	0.0002769060365515968	0.0	0.0	0.00011657729074376311	6.046680372475511e-05	0.0	0.0	0.00015043249341857841	0.0	0.0	7.622532205198568e-05	0.0	8.308408109006314e-05	0.0002126754572522331	0.0	0.00026451527575717496	0.0	0.0004643387815750371	0.0	0.0	0.0	0.0	0.0	0.0	0.0	0.0
D_0__Bacteria;D_1__Proteobacteria;D_2__Alphaproteobacteria;D_3__Sphingomonadales	0.004574789641369169	0.0	0.00022408963585434174	0.0006490345610903781	0.006295643414756989	0.00015436863229391788	0.014247551202137134	0.001691153155057605	0.019390581717451522	0.0	0.0	0.02706863373957665	0.0021914648212226066	0.0	0.0	0.0005602938429932142	0.0	0.0009134273825230895	0.028240552620885817	0.01297760608438462	0.016364101252876503	0.004618333914255838	0.0005027230833682447	0.0	0.0006001500375093774	0.0027690603655159685	0.0	0.0	0.004021916530659827	0.02932639980650623	0.00020398449717821447	0.0	0.0	0.014775918915618512	0.008925296491013571	0.002744111593871484	0.00042906178489702515	0.0	0.0	0.0	0.0006612881893929374	0.0009865824782951855	0.0	0.0	0.0	0.0	0.0	0.0	0.0	0.0	0.0
D_0__Bacteria;D_1__Proteobacteria;D_2__Alphaproteobacteria;Other	0.0	0.0	0.0	0.0	0.0	0.0	0.0	0.0	0.0	0.0	0.0	0.0	0.0	0.0	0.0	0.0	0.0	0.0	0.0	0.0	0.0	0.0	0.0	0.0	0.0	0.0	0.0	0.0	0.0	0.0	0.0	0.0	0.0	0.001465380388325803	0.0	0.0	0.0	0.0	0.0	0.0	0.0	0.0	0.0	0.0	0.0	0.0	0.0	0.0	0.0	0.0	0.0
D_0__Bacteria;D_1__Proteobacteria;D_2__Deltaproteobacteria;D_3__Bdellovibrionales	0.0	0.001649175412293853	0.0	0.0	0.0025182573659027953	7.718431614695894e-05	0.0	0.0	0.0	0.0	0.0	0.0	0.0	0.0	0.0	0.0	0.0	0.0	0.0	0.0006036095853202149	0.0	0.0	0.0	0.0	0.0	0.0	0.0	0.0	0.0	0.0	0.0	0.0	0.0	0.0	0.0	0.0	0.0	0.0	0.0	0.0	0.0	0.0	0.0	0.0	0.0	0.0	0.0	0.0	0.0	0.0	0.0
D_0__Bacteria;D_1__Proteobacteria;D_2__Deltaproteobacteria;D_3__Myxococcales	0.0	0.0	0.0	0.0	0.000503651473180559	0.0	0.0	0.0	0.0005276348766653475	0.0	0.0	0.0	0.0	0.0	0.0	0.0	0.0	0.0	0.0	0.0	0.0	0.0	0.0	0.0	0.0	0.0	0.0	0.0	0.0	0.0061071471762002665	0.0	0.0	0.0	0.0	0.0	0.0	0.0	0.0	0.0	0.0	0.0005290305515143499	0.0	0.0	0.0	0.0	0.0	0.0	0.0	0.0	0.0	0.0
D_0__Bacteria;D_1__Proteobacteria;D_2__Deltaproteobacteria;D_3__Oligoflexales	0.0	0.0	0.0	0.0	0.0	0.0	0.0	0.0	0.0	0.0	0.0	0.0	0.0	0.0	0.0	0.0	0.0	0.0	0.0	0.0006036095853202149	0.0	0.0	0.0	0.0	0.0	0.0	0.0	0.0	0.0	0.0	0.0	0.0	0.0	0.0	0.0	0.0	0.0	0.0	0.0	0.0	0.0	0.0	0.0	0.0	0.0	0.0	0.0	0.0	0.0	0.0	0.0
D_0__Bacteria;D_1__Proteobacteria;D_2__Gammaproteobacteria;D_3__Aeromonadales	0.07660049560221115	0.0	0.0	0.0	0.0007051120624527827	0.0	0.0	0.0	0.004352987732489117	0.0	0.0	0.0039769082745349585	0.0	0.0	0.0	6.225487144369047e-05	0.0	0.00010149193139145438	0.0	0.0	0.001150600869342879	0.004182642035552457	0.0020946795140343527	0.0	0.0	0.0	0.0056022408963585435	0.0	0.0	0.0	0.0	0.0003205128205128205	0.004889056036103798	0.0	0.003545665729306761	0.0	0.01916475972540046	0.0	0.0	0.0	0.00013225763787858748	0.0	9.286775631500742e-05	0.009009009009009009	0.0	0.0	0.0	0.0	0.0	0.0	0.0
D_0__Bacteria;D_1__Proteobacteria;D_2__Gammaproteobacteria;D_3__Alteromonadales	0.0	0.0	0.0	0.0	0.0	0.0	0.0	0.0	0.0019786307874950534	0.0	0.0	0.0	0.0	0.0	0.00011175681716584712	0.0	0.0	0.0	0.0	0.0	0.0017898235745333673	0.0006971070059254096	0.0	0.0	0.0	9.230201218386561e-05	0.002240896358543417	0.0	0.0	0.0	6.799483239273815e-05	0.0	0.0	0.0	0.0	0.0	0.0	0.0	0.0	0.0	0.0015870916545430499	0.0	0.0	0.0	0.0	0.0	0.0	0.0	0.0	0.0	0.0
D_0__Bacteria;D_1__Proteobacteria;D_2__Gammaproteobacteria;D_3__Betaproteobacteriales	0.003703401138251232	0.02128935532233883	0.00773109243697479	0.018822002271620966	0.05172500629564343	0.02987033034887311	0.031522707034728405	0.023464750026424265	0.20907531987864394	0.0004930966469428008	0.012124966811222233	0.14381013470173182	0.008189158016147636	0.0	0.0010058113544926242	0.0003735292286621428	0.0013812154696132596	0.007408910991576169	0.18813490451036166	0.042856280557735264	0.014957811301457426	0.02701289647960962	0.003016338500209468	0.00014796182584893096	0.001350337584396099	0.005630422743215803	0.06666666666666667	0.0009696186166774401	0.018244346001398928	0.180977143548192	0.00033997416196369077	0.015641025641025645	0.017976682963520122	0.09415068994993282	0.2824306149896076	0.0030490128820794267	0.04619565217391304	0.000581588567630442	0.0035091450446618462	0.0056687974912555785	0.0026451527575717497	0.01440410418310971	0.0014858841010401188	0.06606606606606606	0.03278688524590164	0.0	0.0	0.0	0.0	0.0	0.0
D_0__Bacteria;D_1__Proteobacteria;D_2__Gammaproteobacteria;D_3__Cardiobacteriales	0.0	0.0	0.0	0.0	0.0	0.0008490274776165483	0.0	0.0	0.0	0.0	0.0	0.0	0.0	0.0	0.0	0.0	0.0	0.0	0.0	0.002957686968069053	0.0	0.0	0.0	0.0	0.0	0.0	0.0	0.0	0.0	0.0	0.0	0.0	0.0	0.0	0.0	0.0	0.0	0.0	0.0	0.0	0.0	0.0	0.0	0.0	0.0	0.0	0.0	0.0	0.0	0.0	0.0
D_0__Bacteria;D_1__Proteobacteria;D_2__Gammaproteobacteria;D_3__Cellvibrionales	0.0	0.0	0.0	0.0	0.0009569377990430622	0.0	0.0	0.0	0.0	0.0	0.0	0.0	0.0	0.0	0.0	0.0	0.0	0.0	0.0	0.00018108287559606446	0.0005113781641523907	0.0	0.0	0.0	0.0	0.0	0.0	0.0	0.0	0.0	0.0	0.0	0.0	0.00012211503236048357	0.0	0.0	0.0	0.0	0.0	0.0	0.0	0.0	0.0	0.0	0.0	0.0	0.0	0.0	0.0	0.0	0.0
D_0__Bacteria;D_1__Proteobacteria;D_2__Gammaproteobacteria;D_3__Diplorickettsiales	0.0	0.0	0.0	0.0	0.0	0.0	0.0	0.0	0.0	0.0	0.0	0.0	0.0	0.0	0.0	0.0	0.0	0.0	0.0	0.0	0.0	0.0	0.0	0.0	0.0	0.0	0.0	0.0	0.0	0.0	0.0	0.0	0.001053027453930049	0.0	0.0	0.0	0.0	0.0	0.0	0.0	0.0	0.0	0.0	0.0	0.0	0.0	0.0	0.0	0.0	0.0	0.0
D_0__Bacteria;D_1__Proteobacteria;D_2__Gammaproteobacteria;D_3__Enterobacteriales	0.04324265446722763	0.016191904047976012	0.026666666666666672	0.04892098004218725	0.029765802064971043	0.012889780796542143	0.0678539626001781	0.1652045238346898	0.06015037593984962	0.004026955950032873	0.00973537481193026	0.06606799230275819	0.004959630911188005	0.0015444015444015446	0.0021233795261510952	0.923364253252817	0.00393115172120697	0.007510402922967624	0.08675335229581473	0.028671455302710206	0.015213500383533621	0.013332171488323457	0.0065354000837871806	0.002219427387733965	0.00172543135783946	0.033136422374007754	0.05322128851540616	0.0011312217194570137	0.32192818838890186	0.05514572499697667	0.0006119534915346433	0.005	0.027002632568634825	0.03504701428745878	0.054285364959041446	0.009223263968290266	0.08209382151029748	0.015453639082751745	0.004466184602296894	0.02388131709082137	0.010183838116651234	0.018646408839779006	0.0023216939078751853	0.23723723723723725	0.01639344262295082	0.0	1.0	0.0	0.0	0.0	0.0
D_0__Bacteria;D_1__Proteobacteria;D_2__Gammaproteobacteria;D_3__Legionellales	0.0	0.0	0.0	0.0	0.0	0.0	0.0	0.0	0.0	0.0	0.0	0.0	0.0	0.0	0.0	0.0	0.0	0.0	0.0	0.0013883020462364941	0.0	0.0	0.0	0.0	0.0	0.0	0.0	0.0	0.0	0.0007860684484218164	0.0	0.0	0.0	0.0	0.0	0.0	0.0	0.0	0.0	0.0	0.0	0.0	0.0	0.0	0.0	0.0	0.0	0.0	0.0	0.0	0.0
D_0__Bacteria;D_1__Proteobacteria;D_2__Gammaproteobacteria;D_3__Oceanospirillales	0.0	0.0	0.0	0.0	0.0	0.0	0.0	0.0	0.0	0.0	0.0	0.0	0.0	0.0	0.0	0.0	0.0	0.0	0.0	0.0	0.0	0.0	0.0	0.0	0.0	0.0	0.0	0.0	0.0	0.0	0.0	0.001282051282051282	0.0	0.0	0.001222643354933366	0.0	0.0	0.0	0.0	0.0	0.0	0.0	0.0	0.0	0.0	0.0	0.0	0.0	0.0	0.0	0.0
D_0__Bacteria;D_1__Proteobacteria;D_2__Gammaproteobacteria;D_3__Pasteurellales	0.0	0.0782608695652174	0.006386554621848739	0.002190491643680026	0.0	0.0	0.0	0.001691153155057605	0.0	0.0004930966469428008	0.004071156739534472	0.0028223220012828735	0.000461361014994233	0.0	0.0	0.0001867646143310714	0.0	0.0	0.0	0.0012675801291724513	0.0	0.0	0.0	0.0	0.0	0.0010153221340225217	0.0	0.0	0.0011074842620657495	0.0019954045229169186	0.0	0.0	0.0023317036479879654	0.0	0.0008558503484533561	0.0006098025764158854	0.0	0.0007477567298105683	0.0009570395576350489	0.009528404293812567	0.0	0.0	0.0	0.0	0.0	0.0	0.0	0.0	0.0	0.0	0.0
D_0__Bacteria;D_1__Proteobacteria;D_2__Gammaproteobacteria;D_3__Pseudomonadales	0.014051139612776736	0.0014992503748125937	0.00907563025210084	0.03918546162583158	0.04361621757743641	0.01589996912627354	0.05004452359750668	0.018285593489060354	0.13771270280965572	0.0009040105193951348	0.012213470218603417	0.28159076330981403	0.013379469434832758	0.0	0.0061466249441215915	0.0026769594720786904	0.0	0.009337257688013802	0.059731816334823246	0.024265105329872638	0.1523906929174124	0.006099686301847333	0.0090490155006284	0.0	0.001800450112528132	0.013383791766660514	0.012436974789915968	0.0009696186166774402	0.13126602937747725	0.04734550731648325	0.00033997416196369077	0.007243589743589743	0.04076720571643475	0.03639027964342411	0.06834576354077515	0.0	0.06636155606407322	0.0004985044865403788	0.0005316886431305827	0.003135930527077554	0.002777410395450337	0.003255722178374112	0.0007429420505200594	0.10510510510510511	0.04918032786885246	0.0	0.0	0.0	0.0	0.0	0.0
D_0__Bacteria;D_1__Proteobacteria;D_2__Gammaproteobacteria;D_3__Vibrionales	0.0	0.0	0.0	0.0	0.0	0.0	0.0	0.0	0.0	0.0	0.0	0.0	0.0	0.0	0.0	0.0	0.0	0.0	0.0	0.001991911631556709	0.0	0.0	0.0	0.0	0.0	0.0	0.0	0.0	0.0	0.0	0.0	0.0	0.0	0.0	0.0	0.0	0.0	0.0	0.0	0.0	0.0	0.0	0.0	0.0	0.0	0.0	0.0	0.0	0.0	0.0	0.0
D_0__Bacteria;D_1__Proteobacteria;D_2__Gammaproteobacteria;D_3__Xanthomonadales	0.0	0.0	0.00011204481792717087	8.112932013629726e-05	0.0012591286829513975	0.00030873726458783575	0.0	0.0013740619384843041	0.007914523149980214	0.0	0.0	0.0	0.0010380622837370243	0.0	0.0	0.0002490194857747619	0.0	0.0	0.0	0.004164906138709483	0.0	0.0	0.0	0.0	0.0008252063015753939	0.0	0.0	0.0	0.0019235252972720914	0.005018744709154674	0.0	0.0001282051282051282	7.521624670928921e-05	0.0042740261326169255	0.0	0.0	0.00014302059496567506	0.0	0.0	0.0	0.0	0.0	0.0	0.0	0.0	0.0	0.0	0.0	0.0	0.0	0.0
D_0__Bacteria;D_1__Proteobacteria;D_2__Gammaproteobacteria;Other	0.0	0.0	0.0	0.0	0.0	0.0	0.0	0.0	0.0	0.0	0.0	0.0	0.0	0.0	0.0	0.0	0.0	0.0	0.0	0.0	0.0	0.0	0.0	0.0	0.0	0.0	0.0	0.0	0.0	0.0	0.0	0.0	0.0	0.0	0.0	0.0	0.0	0.0	0.0	0.0	0.0	0.0	0.00018573551263001485	0.0	0.0	0.0	0.0	0.0	0.0	0.0	0.0
D_0__Bacteria;D_1__Spirochaetes;D_2__Spirochaetia;D_3__Spirochaetales	0.0	0.0	0.0019047619047619048	0.0	0.0	0.0	0.0	0.0	0.0	0.0	0.0	0.0	0.0	0.0	0.0	0.0	0.0	0.0	0.0	0.0	0.0	0.0	0.0	0.0	0.0	0.0	0.0	0.0	0.0	0.0	0.0	0.0	0.0	0.0	0.0	0.0	0.0	0.0	0.0	0.0	0.0	0.0	0.0	0.0	0.0	0.0	0.0	0.0	0.0	0.0	0.0
D_0__Bacteria;D_1__Synergistetes;D_2__Synergistia;D_3__Synergistales	0.0	0.0	0.0	0.0	0.0	0.0	0.0	0.0	0.0	0.0	0.0	0.0	0.0	0.0	0.0	0.0	0.0	0.0	0.0	0.0	0.0	0.0	0.0	0.0	0.0	0.0	0.0	0.0	5.8288645371881555e-05	0.0	0.0	0.0	0.0	0.0	0.0	0.0	0.0	0.0	0.0	0.0	0.0	0.0	9.286775631500742e-05	0.0	0.0	0.0	0.0	0.0	0.0	0.0	0.0
D_0__Bacteria;D_1__Tenericutes;D_2__Mollicutes;D_3__Entomoplasmatales	0.0	0.0	0.0	0.0	0.0	0.002624266748996604	0.0	0.0	0.0	0.0	0.0	0.0	0.0	0.0	0.0	0.0	0.0	0.0	0.0	0.0	0.0	0.0	0.0	0.0	0.0	0.0	0.0	0.0	0.0	0.0	0.0	0.0	0.0	0.0	0.0	0.0	0.0	0.0	0.0	0.0	0.0	0.0	0.0	0.0	0.0	0.0	0.0	0.0	0.0	0.0	0.0
D_0__Bacteria;D_1__Tenericutes;D_2__Mollicutes;D_3__Mycoplasmatales	0.00013615445361217764	0.0	0.00011204481792717087	0.0	0.0	0.0010805804260574253	0.0	0.0	0.002638174383326738	0.06911571334648257	0.0	0.0	0.0	0.0	0.02939204291461779	0.00012450974288738095	0.0	0.0003044757941743631	0.004266558309630231	0.0013883020462364941	0.0	0.04234925060996863	0.0005027230833682447	0.0	0.0009752438109527382	0.14454495107993354	0.02689075630252101	0.00016160310277957336	0.0011074842620657497	0.0	0.002175834636567621	0.0001282051282051282	0.021210981572019557	0.046525827329344245	0.3341484289032889	0.0010671545087277993	0.04619565217391304	0.3700564971751412	0.0	0.010010855144132191	0.004364502049993387	0.04301499605367009	0.0	0.0	0.02459016393442623	0.0	0.0	0.0	0.0	0.0	0.0
D_0__Bacteria;D_1__Verrucomicrobia;D_2__Verrucomicrobiae;D_3__Chthoniobacterales	0.0	0.0	0.0	0.0	0.00015109544195416772	0.0	0.0	0.0	0.0009233610341643582	0.0	0.0007080272590494735	0.0	0.0	0.0	0.0	0.0	0.0	0.0	0.0	0.0028973260095370313	0.0	0.0	0.0	0.0	0.0	0.0	0.0	0.0	0.001981813942643973	0.0	0.0	0.0	0.0	0.0	0.0	0.0	0.0	0.0	0.0	0.0	0.0	0.0	0.0	0.0	0.0	0.0	0.0	0.0	0.0	0.0	0.0
D_0__Bacteria;D_1__Verrucomicrobia;D_2__Verrucomicrobiae;D_3__Verrucomicrobiales	0.0	0.0	0.0	0.0	0.0017627801561319566	0.0	0.003918076580587711	0.001796850227248705	0.0	0.0	0.0	0.0	0.0	0.0	0.0	0.0	0.0	0.0	0.0	0.0	0.0	0.0	0.0	0.0	0.0	0.0	0.0	0.0	0.0	0.0	0.0	0.0	0.0	0.0	0.0	0.0	0.0	0.0	0.0	0.0	0.0	0.0	0.0	0.0	0.0	0.0	0.0	0.0	0.0	0.0	0.0
D_0__Bacteria;D_1__WPS-2;Ambiguous_taxa;Ambiguous_taxa	0.0	0.0	0.0	0.0	0.0	0.0	0.0	0.0	0.0	0.0	0.0	0.0	0.0	0.0	0.0	0.0	0.0	0.0	0.0	0.0	0.0	0.0	0.0	0.0	0.0	0.0	0.0	0.0	0.0	0.0	0.0	0.0	0.0	0.00036634509708145075	0.0	0.0	0.0	0.0	0.0	0.0	0.0	0.0	0.0	0.0	0.0	0.0	0.0	0.0	0.0	0.0	0.0
D_0__Bacteria;Other;Other;Other	8.169267216730659e-05	0.00014992503748125936	0.0	0.0	0.0	0.0	0.0	0.0	0.0	8.21827744904668e-05	0.0	0.0	0.0	0.0	0.00011175681716584712	0.0	0.0	0.0	0.0	6.036095853202149e-05	0.00012784454103809768	0.0	8.378718056137411e-05	7.398091292446548e-05	0.0	9.230201218386561e-05	0.0004481792717086835	0.0	0.00011657729074376311	6.046680372475511e-05	0.0	6.41025641025641e-05	0.0002256487401278676	0.00012211503236048357	0.0	0.0	0.00014302059496567506	0.0	0.0	0.0	0.00026451527575717496	0.0	0.0	0.0	0.0	0.0	0.0	0.0	0.0	0.0	0.0
Unassigned;Other;Other;Other	0.05574163330882554	0.018290854572713643	0.09613445378151264	0.03748174590296932	0.00815915386552506	0.00725532571781414	0.07711487088156724	0.06045872529330937	0.14061469463131515	0.0023833004602235373	0.007788299849544208	0.02552918537524054	0.016839677047289503	0.0006177606177606178	0.003687974966472955	0.002739214343522381	0.004356141096472588	0.011062620521668527	0.06379520520113774	0.015935293052453676	0.051904883661467664	0.036859532938306024	0.004859656472559698	0.0017015609972627062	0.012453113278319581	0.04310503968986523	0.06689075630252102	0.0046864899806076275	0.02156679878759618	0.021223848107389053	0.002787788128102264	0.0019871794871794872	0.027228281308762686	0.03480278422273782	0.012104169213840324	0.010290418477018067	0.03718535469107551	0.005649717514124295	0.009038706933219906	0.07731274876371969	0.04549662743023409	0.02002762430939227	0.008079494799405645	0.03303303303303304	0.05737704918032787	0.5	0.0	1.0	0.0	0.0	0.0