# Constructed from biom file
#OTU ID	B3	X18	X42	X22	X9	B1	X10	B8	X20	B7	C	X39	B11	X4	B10	X29	X2	B9	X19	B5	X33	X16	X40	D	X1	X17	B6	X3	X27	X12	X15	B4	X7	B2	X26	X13	X34	X32	X36	X35	X6	X5	X37	X21	X25	X23	B	X8	X11	X28	X24
D_0__Bacteria;D_1__Acidobacteria;D_2__Acidobacteriia;D_3__Acidobacteriales;D_4__Acidobacteriaceae (Subgroup 1)	0.0	0.0	0.0	0.0	0.0	0.0014665020067922197	0.0	0.0	0.0	0.0	0.0	0.0	0.0	0.0	0.0	0.0	0.0	0.0	0.0	0.0	0.0	0.0	0.0	0.0	0.0	0.0	0.0	0.0	0.0	0.0	0.0	0.0	0.0	0.0009769202588838686	0.0	0.0	0.0	0.0	0.0	0.0	0.0	0.0	0.0	0.0	0.0	0.0	0.0	0.0	0.0	0.0	0.0
D_0__Bacteria;D_1__Acidobacteria;D_2__Acidobacteriia;D_3__Acidobacteriales;D_4__uncultured	0.0	0.0	0.0	0.0	0.0	0.0	0.0	0.0	0.0	0.0	0.0	0.0	0.0	0.0	0.0	0.0	0.0	0.0	0.0	0.0	0.0	0.0	0.0	0.0	0.0	0.0	0.0	0.0	0.0	0.0	0.0	0.0	0.0	0.0013432653559653192	0.0	0.0	0.0	0.0	0.0	0.0	0.0	0.0	0.0	0.0	0.0	0.0	0.0	0.0	0.0	0.0	0.0
D_0__Bacteria;D_1__Acidobacteria;D_2__Acidobacteriia;D_3__Solibacterales;D_4__Solibacteraceae (Subgroup 3)	0.0	0.0	0.0	0.0	0.0	0.0	0.0	0.0	0.0	0.0	0.0	0.0	0.0	0.0	0.0	0.0	0.0	0.0	0.0	0.0	0.0	0.0	0.0	0.0	0.0	0.0	0.0	0.0	0.0	0.0018744709154674083	0.0	0.0	0.0	0.0010990352912443524	0.0	0.0	0.0	0.0	0.0	0.0	0.0	0.0	0.0	0.0	0.0	0.0	0.0	0.0	0.0	0.0	0.0
D_0__Bacteria;D_1__Acidobacteria;D_2__Blastocatellia (Subgroup 4);D_3__Blastocatellales;D_4__Blastocatellaceae	0.0	0.0	0.0	0.0	0.0	0.0014665020067922197	0.0	0.0	0.0	0.0	0.0	0.0	0.0	0.0	0.0	0.0	0.0	0.0	0.0	0.0	0.002301201738685758	0.0	0.0	0.0	0.0	0.0	0.0	0.0	0.0	0.00024186721489902045	0.0	0.0004487179487179487	0.0008273787138021812	0.001465380388325803	0.0	0.0	0.0	0.0	0.0	0.0	0.0	0.0	0.0	0.0	0.0	0.0	0.0	0.0	0.0	0.0	0.0
D_0__Bacteria;D_1__Acidobacteria;D_2__Holophagae;D_3__Subgroup 7;Ambiguous_taxa	0.0	0.0	0.0	0.0	0.0	0.001389317690645261	0.0	0.0	0.0	0.0	0.0	0.0	0.0	0.0	0.0	0.0	0.0	0.0	0.0	0.0	0.0	0.0	0.0	0.0	0.0	0.0	0.0	0.0	0.0	0.0	0.0	0.0	0.0	0.0	0.0	0.0	0.0	0.0	0.0	0.0	0.0	0.0	0.0	0.0	0.0	0.0	0.0	0.0	0.0	0.0	0.0
D_0__Bacteria;D_1__Acidobacteria;D_2__Subgroup 6;Other;Other	0.0	0.0	0.0	0.0	0.0	0.0	0.0	0.0	0.0	0.0	0.0	0.0	0.0	0.0	0.0	0.0	0.0	0.0	0.0	0.0	0.00025568908207619537	0.0	0.0	0.0	0.0	0.0	0.0	0.0	0.0	0.0	0.0	0.0	0.0	0.0	0.0	0.0	0.0	0.0	0.0	0.0	0.0	0.0	0.0	0.0	0.0	0.0	0.0	0.0	0.0	0.0	0.0
D_0__Bacteria;D_1__Acidobacteria;D_2__Thermoanaerobaculia;D_3__Thermoanaerobaculales;D_4__Thermoanaerobaculaceae	0.0	0.0	0.0	0.0	0.0	0.0	0.0	0.0	0.0	0.0	0.0	0.0	0.0002306805074971165	0.0	0.0	0.0	0.0	0.0	0.0	0.0	0.0	0.0	0.0	0.0	0.0	0.0	0.0	0.0	0.0	0.0	0.0	0.0	0.0	0.0	0.0	0.0	0.0	0.0	0.0	0.0	0.0	0.0	0.0	0.0	0.0	0.0	0.0	0.0	0.0	0.0	0.0
D_0__Bacteria;D_1__Actinobacteria;D_2__Acidimicrobiia;D_3__IMCC26256;Ambiguous_taxa	0.0	0.0	0.0	0.0	0.00015109544195416772	0.0	0.0	0.0	0.0	0.0	0.0	0.0	0.0	0.0	0.0	0.0	0.0	0.0	0.0	0.00024144383412808595	0.0	0.0	0.0	0.0	0.0	0.0	0.0	0.0	0.0	0.0	0.0	0.0	0.0	0.0	0.0	0.0	0.0	0.0	0.0	0.0	0.0	0.0	0.0	0.0	0.0	0.0	0.0	0.0	0.0	0.0	0.0
D_0__Bacteria;D_1__Actinobacteria;D_2__Acidimicrobiia;D_3__Microtrichales;D_4__Iamiaceae	0.0	0.0	0.0	0.0	0.0	0.0	0.0	0.00042278828876440123	0.0	0.0	0.0	0.0	0.0	0.0	0.0	0.0	0.0	0.0	0.0	0.0	0.0	0.0	0.0	0.0	0.0	0.0	0.0	0.0	0.0	0.0	0.0	0.0	0.0	0.0	0.0	0.0	0.0	0.0	0.0	0.0	0.0	0.0	0.0	0.0	0.0	0.0	0.0	0.0	0.0	0.0	0.0
D_0__Bacteria;D_1__Actinobacteria;D_2__Acidimicrobiia;D_3__Microtrichales;D_4__Ilumatobacteraceae	0.0	0.0	0.0	0.0	0.0	0.0	0.0	0.0	0.0	0.0	0.0	0.0	0.0	0.0	0.0	0.0	0.0	0.0	0.0	0.0	0.0	0.0	0.0	0.0	0.0	0.0005538120731031936	0.0	0.0	0.0	0.0	0.0	0.0	0.0	0.0	0.0	0.0	0.0	0.0	0.0	0.0	0.0	0.0	0.0	0.0	0.0	0.0	0.0	0.0	0.0	0.0	0.0
D_0__Bacteria;D_1__Actinobacteria;D_2__Acidimicrobiia;D_3__uncultured;Ambiguous_taxa	0.0	0.0	0.0	0.0	0.0002518257365902795	0.0	0.0	0.0	0.0	0.0	0.0	0.0	0.0	0.0	0.0	0.0	0.0	0.0	0.0	0.0	0.0	0.0	0.0	0.0	0.0	0.0	0.0	0.0	0.0	0.0	0.0	0.0	0.0	0.0	0.0	0.0	0.0	0.0	0.0	0.0	0.0	0.0	0.0	0.0	0.0	0.0	0.0	0.0	0.0	0.0	0.0
D_0__Bacteria;D_1__Actinobacteria;D_2__Actinobacteria;D_3__Actinomycetales;D_4__Actinomycetaceae	0.0	0.020839580209895053	0.0003361344537815126	0.0	0.0	0.0	0.003561887800534283	0.001374061938484304	0.0	0.0	0.000531020444287105	0.0	0.00011534025374855825	0.0	0.0	6.225487144369047e-05	0.0	0.0	0.0	0.0	0.0	0.00026141512722202857	0.0	0.0	0.0	0.0	0.0	0.0	0.0	0.0	0.0	0.0	0.0	0.0	0.00012226433549333658	0.0	0.0	0.0	0.0	0.003135930527077554	0.0	0.0	0.0	0.0	0.0	0.0	0.0	0.0	0.0	0.0	0.0
D_0__Bacteria;D_1__Actinobacteria;D_2__Actinobacteria;D_3__Bifidobacteriales;D_4__Bifidobacteriaceae	0.02077716962121831	0.06416791604197901	0.048179271708683476	0.09143274379360701	0.01228909594560564	0.015899969126273544	0.10471950133570793	0.02050523200507346	0.06516290726817042	0.0071499013806706115	0.038587485618196284	0.042206542655548435	0.007381776239907728	0.001698841698841699	0.0013410818059901653	0.0018676461433107141	0.00743731406714832	0.012686491423931795	0.1509548963835839	0.01696142934749804	0.049731526463819994	0.022046009062391077	0.008630079597821534	0.000591847303395724	0.0037509377344336087	0.0144914159128669	0.052100840336134456	0.0009696186166774402	0.028503147586850075	0.058955133631636236	0.0004759638267491671	0.0040384615384615385	0.03264385107183152	0.019294175112956405	0.03350042792517422	0.015092613766293162	0.05534897025171625	0.03140578265204387	0.02201190982560612	0.07104088770956458	0.03279989419388969	0.019435674822415153	0.008358098068350668	0.23723723723723722	0.1557377049180328	0.0	0.0	0.0	0.0	0.0	0.0
D_0__Bacteria;D_1__Actinobacteria;D_2__Actinobacteria;D_3__Corynebacteriales;D_4__Corynebacteriaceae	0.0036217084660839258	0.002848575712143928	0.004033613445378151	0.0011358104819081617	0.0002518257365902795	0.0015436863229391787	0.046838824577025824	0.0022196385160131063	0.0357472628940773	0.003780407626561473	0.005044694220727498	0.023220012828736366	0.0008073817762399077	0.00015444015444015445	0.00022351363433169424	6.225487144369047e-05	0.00010624734381640459	0.04232213539023647	0.019301097114993903	0.0012072191706404298	0.004091025313219126	0.0035726734053677244	0.00041893590280687055	0.00022194273877339647	0.0018754688672168042	0.16595901790659034	0.0012324929971988796	0.0003232062055591467	0.024539519701562134	0.007497883661869633	6.799483239273815e-05	0.0003846153846153846	0.0030838661150808574	0.0024423006472096714	0.0003667930064800098	0.0	0.006149885583524027	0.00016616816218012627	0.0009570395576350489	0.0025328669641780247	0.0029096680333289245	0.0018745067087608523	0.0002786032689450223	0.02702702702702703	0.0	0.0	0.0	0.0	0.0	0.0	0.0
D_0__Bacteria;D_1__Actinobacteria;D_2__Actinobacteria;D_3__Corynebacteriales;D_4__Dietziaceae	0.0	0.0	0.0	0.0	0.0	0.0	0.0	0.0	0.0	0.0	0.000531020444287105	0.0	0.0	0.0	0.0	0.0	0.0	0.0	0.0	0.0	0.0	0.0	0.0	0.0	0.0	0.0	0.0	0.0	0.0	0.0	0.0	0.0	0.0	0.0	0.0	0.0	0.0	0.0	0.0	0.0	0.0	0.0	0.0	0.0	0.0	0.0	0.0	0.0	0.0	0.0	0.0
D_0__Bacteria;D_1__Actinobacteria;D_2__Actinobacteria;D_3__Corynebacteriales;D_4__Mycobacteriaceae	0.0	0.0	0.0	0.0	0.000554016620498615	0.0	0.0	0.0	0.0	0.0	0.0	0.0	0.0	0.0	0.0	0.0	0.0	0.0	0.0	0.0	0.0	0.0	0.0	7.398091292446548e-05	0.0	0.0	0.0	0.0	0.0	0.0	0.0	0.0	0.0	0.0	0.0	0.0	0.0	0.0	0.0	0.0	0.0	0.0	0.0	0.0	0.0	0.0	0.0	0.0	0.0	0.0	0.0
D_0__Bacteria;D_1__Actinobacteria;D_2__Actinobacteria;D_3__Corynebacteriales;D_4__Nocardiaceae	0.0015521607711788254	0.0004497751124437781	0.0	0.0	0.000503651473180559	0.0	0.017275155832591274	0.00031709121657330094	0.00026381743833267377	0.0	0.0	0.0	0.0020761245674740486	0.0	0.0	0.0	0.0	0.0	0.0	0.00042252670972415043	0.006520071592942982	0.0013942140118508191	0.001591956430666108	0.0	0.00037509377344336085	0.0	0.0	0.00016160310277957336	0.0	0.0	0.0	0.0	0.0009778112072207597	0.0018317254854072536	0.0	0.0	0.0	0.0	0.0	0.0	0.0015870916545430499	0.0	0.0	0.0	0.0	0.0	0.0	0.0	0.0	0.0	0.0
D_0__Bacteria;D_1__Actinobacteria;D_2__Actinobacteria;D_3__Frankiales;D_4__Frankiaceae	0.0	0.0	0.0	0.0	0.0	0.0	0.0	0.0	0.0	0.0	0.0	0.0	0.0	0.0	0.0	0.0	0.0	0.0	0.0	0.0	0.0	0.0	0.0	0.0	0.0	0.0	0.0	0.0	0.0	0.0	0.0	0.0	0.0	0.0006105751618024178	0.0	0.0	0.0	0.0	0.0	0.0	0.0	0.0	0.0	0.0	0.0	0.0	0.0	0.0	0.0	0.0	0.0
D_0__Bacteria;D_1__Actinobacteria;D_2__Actinobacteria;D_3__Frankiales;D_4__Geodermatophilaceae	0.0	0.0	0.0	0.0	0.00030219088390833545	0.0	0.0021371326803205698	0.0	0.0007914523149980214	0.0	0.0	0.0	0.0	0.0	0.0	0.0	0.0	0.0	0.0	0.0	0.0	0.0	0.0	0.0	0.0	0.0	0.0	0.0	0.0	0.0019349377191921636	0.0	0.0	0.0	0.0004884601294419343	0.0	0.0	0.0	0.0	0.0	0.0	0.0	0.0	0.0	0.0	0.0	0.0	0.0	0.0	0.0	0.0	0.0
D_0__Bacteria;D_1__Actinobacteria;D_2__Actinobacteria;D_3__Frankiales;D_4__uncultured	0.0	0.0	0.0	0.0	0.00030219088390833545	0.0	0.0	0.0	0.0	0.0	0.0	0.0	0.0	0.0	0.0	0.0	0.0	0.0	0.0	0.0	0.0	0.0	0.0	0.0	0.0	0.0	0.0	0.0	0.0	0.0	0.0	0.0	0.0	0.0	0.0	0.0	0.0	0.0	0.0	0.0	0.0	0.0	0.0	0.0	0.0	0.0	0.0	0.0	0.0	0.0	0.0
D_0__Bacteria;D_1__Actinobacteria;D_2__Actinobacteria;D_3__Frankiales;Other	0.0	0.0	0.0	0.0	0.0	0.0	0.0	0.0	0.0	0.0	0.0	0.0	0.0	0.0	0.0	0.0	0.0	0.0	0.0	0.0	0.0	0.0	0.0	0.0	0.0	0.0	0.0	0.0	0.0	0.0	0.0	0.0	0.0	0.0010990352912443521	0.0	0.0	0.0	0.0	0.0	0.0	0.0	0.0	0.0	0.0	0.0	0.0	0.0	0.0	0.0	0.0	0.0
D_0__Bacteria;D_1__Actinobacteria;D_2__Actinobacteria;D_3__Kineosporiales;D_4__Kineosporiaceae	0.0	0.0	0.0	0.0	0.0	0.00030873726458783575	0.00017809439002671417	0.0	0.0	0.0	0.0	0.0	0.0	0.0	0.0	0.0	0.0	0.0	0.0	0.0007243315023842578	0.0	0.0	0.0	0.0	0.0	0.0	0.0	0.0	0.0	0.0	0.0	0.0	0.0	0.0004884601294419343	0.0	0.0	0.0	8.308408109006314e-05	0.0	0.0	0.0	0.0	0.0	0.0	0.0	0.0	0.0	0.0	0.0	0.0	0.0
D_0__Bacteria;D_1__Actinobacteria;D_2__Actinobacteria;D_3__Micrococcales;D_4__Beutenbergiaceae	0.0	0.0	0.0	0.0	0.0	0.0	0.008370436331255565	0.0	0.0	0.0	0.0	0.001924310455420141	0.000461361014994233	0.0	0.0	0.0	0.0	0.0	0.0	0.0	0.002429046279723856	0.0001742767514813524	0.0005865102639296188	0.0	0.0	0.0	0.0	0.0	0.0	0.0	0.0	0.0	0.0	0.0	0.0	0.0	0.0	0.0	0.0	0.0	0.0	0.0	0.0	0.0	0.0	0.0	0.0	0.0	0.0	0.0	0.0
D_0__Bacteria;D_1__Actinobacteria;D_2__Actinobacteria;D_3__Micrococcales;D_4__Bogoriellaceae	0.0	0.0	0.0	0.0	0.0	0.0	0.0	0.0	0.0	0.0	0.0	0.0	0.0	0.0	0.0	0.0	0.0	0.0	0.0	0.0	0.0	0.0	0.0	0.0	0.0	0.0	0.0	0.0	0.0	0.0007256016446970613	0.0	0.0	0.0	0.0	0.0	0.0	0.0	0.0	0.0	0.0	0.0	0.0	0.0	0.0	0.0	0.0	0.0	0.0	0.0	0.0	0.0
D_0__Bacteria;D_1__Actinobacteria;D_2__Actinobacteria;D_3__Micrococcales;D_4__Brevibacteriaceae	0.0	0.0	0.0	0.0	0.0	0.0006174745291756715	0.0	0.0	0.0	0.0	0.0	0.0	0.0	0.0	0.0	0.0	0.0	0.0	0.0	0.0	0.0	0.00026141512722202857	0.0	0.0	0.0	0.0	0.0	0.0	0.00046630916297505244	0.0	0.0	0.0	0.0	0.0	0.0	0.0	0.0	0.0	0.0	0.0	0.0	0.0	0.0	0.0	0.0	0.0	0.0	0.0	0.0	0.0	0.0
D_0__Bacteria;D_1__Actinobacteria;D_2__Actinobacteria;D_3__Micrococcales;D_4__Cellulomonadaceae	0.0	0.0	0.0	0.0	0.0002014605892722236	0.0	0.0	0.0008455765775288025	0.0	0.0	0.0	0.0001282873636946761	0.0	0.0	0.0	0.0	0.0	0.0	0.0	0.0	0.0	0.0	0.0	0.0	0.0	0.0	0.0	0.0	0.0	0.0	0.0	0.0	0.0	0.0	0.0	0.0	0.0	0.0	0.0	0.0	0.0	0.0	0.0	0.0	0.0	0.0	0.0	0.0	0.0	0.0	0.0
D_0__Bacteria;D_1__Actinobacteria;D_2__Actinobacteria;D_3__Micrococcales;D_4__Dermabacteraceae	0.000408463360836533	0.0	0.0	0.0	0.0	0.00030873726458783575	0.0032056990204808546	0.0	0.0	0.0	0.0	0.0	0.0	0.0	0.0	0.0	0.0	0.0	0.0	0.0	0.003963180772181028	0.0	0.0012568077084206116	0.0	0.0	0.0	0.0	0.0	0.0009909069713219865	0.0	0.0	0.0	0.0	0.0	0.0	0.0	0.0	0.0	0.0	0.0	0.0005290305515143499	0.0	0.0	0.0	0.0	0.0	0.0	0.0	0.0	0.0	0.0
D_0__Bacteria;D_1__Actinobacteria;D_2__Actinobacteria;D_3__Micrococcales;D_4__Dermatophilaceae	0.0	0.0	0.0	0.0	0.0	0.0	0.005164737310774711	0.0	0.0	0.0	0.0	0.0	0.0	0.0	0.0	0.0	0.0	0.0	0.0	0.0	0.0019176681155714651	0.0	0.0	0.0	0.0	0.0006461140852870592	0.0	0.0	0.0	0.0	0.0	0.0	0.0	0.0	0.0	0.0	0.0	0.0	0.0	0.0	0.0	0.0	0.0	0.0	0.0	0.0	0.0	0.0	0.0	0.0	0.0
D_0__Bacteria;D_1__Actinobacteria;D_2__Actinobacteria;D_3__Micrococcales;D_4__Intrasporangiaceae	0.00013615445361217764	0.0	0.000784313725490196	0.0	0.0	0.0	0.03401602849510241	0.00031709121657330094	0.0	0.0	0.0	0.0	0.0005767012687427913	0.0	0.0	0.0	0.0	0.0007104435197401806	0.0	0.0	0.025568908207619534	0.0010456605088881143	8.378718056137411e-05	0.0	0.0	0.0	0.0	0.0	0.0	0.0007256016446970613	0.0	0.0	0.0009778112072207597	0.0	0.0	0.0	0.0	0.0	0.0	0.0	0.00039677291363576247	0.0	0.0	0.0	0.0	0.0	0.0	0.0	0.0	0.0	0.0
D_0__Bacteria;D_1__Actinobacteria;D_2__Actinobacteria;D_3__Micrococcales;D_4__Microbacteriaceae	0.0007624649402281948	0.0	0.00011204481792717087	0.0029206555249067013	0.0004029211785444472	0.002778635381290522	0.04470169189670525	0.00031709121657330094	0.0017148133491623797	0.0	0.0	0.0008980115458627325	0.000461361014994233	0.0	0.0	0.0	0.0	0.0	0.0	0.0011468582121084083	0.0031961135259524417	0.0016556291390728477	0.00041893590280687055	0.0	0.0	0.0	0.0	0.0003232062055591467	0.00011657729074376311	0.00030233401862377556	0.0	0.0003846153846153846	0.0020308386611508087	0.0009769202588838686	0.0	0.0010671545087277993	0.0	0.0	0.0007443641003828158	0.0	0.0	9.865824782951855e-05	0.0	0.0	0.0	0.0	0.0	0.0	0.0	0.0	0.0
D_0__Bacteria;D_1__Actinobacteria;D_2__Actinobacteria;D_3__Micrococcales;D_4__Micrococcaceae	0.0026141655093538108	0.004497751124437781	0.004817927170868347	0.006977121531721564	0.0007051120624527827	0.001157764742204384	0.0666073018699911	0.002536729732586407	0.013454689354966362	0.002465483234714004	0.000973537481193026	0.006670942912123156	0.004036908881199538	0.0	0.0011175681716584713	0.00012450974288738095	0.00010624734381640459	0.002334314422003451	0.0002031694433157253	0.00283696505100501	0.025696752748657632	0.004269780411293134	0.003016338500209468	0.0008137900421691204	0.0	0.0019383422558611777	0.00896358543417367	0.0011312217194570135	0.002856143623222196	0.0050187447091546745	0.0	0.0003846153846153846	0.003911244828883039	0.008303822200512883	0.009903411174960264	0.056101837030261455	0.008438215102974829	0.00423728813559322	0.016695023394300297	0.002894705101917742	0.030551514349953707	0.004636937647987372	9.286775631500742e-05	0.0	0.0	0.0	0.0	0.0	0.0	0.0	0.0
D_0__Bacteria;D_1__Actinobacteria;D_2__Actinobacteria;D_3__Micrococcales;D_4__Ruaniaceae	0.0	0.0	0.0	0.0	0.0	0.0	0.001246660730186999	0.0	0.0	0.0	0.0	0.0	0.0005767012687427913	0.0	0.0	0.0	0.0	0.0	0.0	0.0	0.0016619790334952698	0.0	0.0	0.0	0.0	0.00036920804873546244	0.0	0.0	0.0	0.0	6.799483239273815e-05	0.0	0.0008273787138021812	0.0	0.0	0.0	0.0002860411899313501	0.0	0.0015950659293917481	0.0	0.0	0.0	0.0	0.0	0.0	0.0	0.0	0.0	0.0	0.0	0.0
D_0__Bacteria;D_1__Actinobacteria;D_2__Actinobacteria;D_3__Micrococcales;Other	0.0	0.0	0.0	0.0	0.0	0.0	0.0	0.0	0.0	0.0	0.005221701035489867	0.0	0.00034602076124567473	0.0	0.0	0.0	0.0	0.0	0.0	0.0	0.0	0.0	0.0	0.0	0.0	0.0	0.0	0.0	0.0	0.0014512032893941227	0.0	0.0	0.0	0.0	0.0	0.0	0.0	0.0	0.0	0.0	0.0	0.0	0.0002786032689450223	0.0	0.0	0.0	0.0	0.0	0.0	0.0	0.0
D_0__Bacteria;D_1__Actinobacteria;D_2__Actinobacteria;D_3__Propionibacteriales;D_4__Nocardioidaceae	0.0	0.0	0.0	0.0	0.0008562075044069503	0.0	0.0	0.0	0.004880622609154465	0.0	8.850340738118418e-05	0.0	0.0	0.0	0.0	0.0	0.0	0.0003044757941743631	0.0	0.0006036095853202149	0.0	0.0	0.0	0.0	0.0	0.0	0.0	0.0	0.0007577523898344603	0.0	0.0	0.0	0.0	0.00170961045304677	0.0	0.0003049012882079427	0.0	0.0	0.0007443641003828158	0.0	0.0	0.0	0.0	0.0	0.0	0.0	0.0	0.0	0.0	0.0	0.0
D_0__Bacteria;D_1__Actinobacteria;D_2__Actinobacteria;D_3__Propionibacteriales;D_4__Propionibacteriaceae	0.0	0.0002998500749625187	0.0	0.00032451728054518905	5.03651473180559e-05	0.0	0.0	0.0	0.001055269753330695	0.0	0.00017700681476236836	0.0	0.0	0.0	0.0	0.0	0.0	0.0	0.0	0.0	0.0	0.0	0.0	0.0	0.0	0.0	0.0	0.0	0.0	6.046680372475511e-05	0.0	0.0	0.0	0.0	0.0	0.0	0.0	0.0	0.0	0.00012061271257990592	0.0	0.0	0.0	0.0	0.0	0.0	0.0	0.0	0.0	0.0	0.0
D_0__Bacteria;D_1__Actinobacteria;D_2__Actinobacteria;D_3__Pseudonocardiales;D_4__Pseudonocardiaceae	0.0007896958309506304	0.0	0.0	0.0	0.0	0.0	0.00017809439002671417	0.00010569707219110031	0.0007914523149980214	0.0	0.0	0.0001282873636946761	0.0	0.0	0.0	0.0	0.0	0.0	0.0020316944331572532	0.0	0.0010227563283047815	0.0024398745207389336	0.0	0.0	0.0	0.0	0.000896358543417367	0.0	0.0	0.0008465352521465715	0.0	0.0004487179487179487	0.003309514855208725	0.0013432653559653192	0.0007335860129600196	0.00015245064410397135	0.0	0.00041542040545031574	0.0	0.0	0.0003967729136357624	0.0007892659826361484	0.0002786032689450223	0.0	0.0	0.0	0.0	0.0	0.0	0.0	0.0
D_0__Bacteria;D_1__Actinobacteria;D_2__Actinobacteria;D_3__Streptomycetales;D_4__Streptomycetaceae	0.0	0.0	0.0	0.0007301638812266753	0.0	0.0	0.0	0.0	0.001187178472497032	0.0	0.0	0.0	0.0	0.0	0.0	0.0	0.0	0.0	0.0	0.0	0.0	0.0	0.0	0.0	0.0	0.0	0.0	0.0	0.0	0.0	0.0	0.0	0.0	0.0	0.0	0.0	0.0	0.00041542040545031574	0.0	0.0	0.0	0.0	0.0	0.0	0.0	0.0	0.0	0.0	0.0	0.0	0.0
D_0__Bacteria;D_1__Actinobacteria;D_2__Actinobacteria;D_3__Streptosporangiales;D_4__Nocardiopsaceae	0.0028864744165781665	0.0	0.0019047619047619048	0.0014603277624533507	0.0	0.0	0.0	0.0	0.0	0.0	0.0	0.0021808851828094933	0.0	0.0	0.0	0.0	0.00010624734381640459	0.0009134273825230895	0.0038602194229987808	0.0	0.0	0.003921226908330429	0.00016757436112274822	0.0	0.0	0.0	0.0	0.0	0.0	0.0	0.0	0.0002564102564102564	0.000376081233546446	0.0	0.0011003790194400293	0.000228675966155957	0.0	0.0	0.0	0.0	0.005951593704536437	0.0	0.0010215453194650818	0.0	0.0	0.0	0.0	0.0	0.0	0.0	0.0
D_0__Bacteria;D_1__Actinobacteria;D_2__Coriobacteriia;D_3__Coriobacteriales;D_4__Coriobacteriaceae	0.0	0.0011994002998500749	0.0	0.0	0.0005540166204986149	0.0	0.0	0.0	0.0	0.0	0.0	0.0	0.0	0.0	0.0	0.0	0.0	0.0	0.0	0.0	0.0	0.0	0.0	0.0	0.0	0.0020306442680450435	0.0	0.0	0.0	0.0018140041117426532	0.0	0.0	0.0	0.00036634509708145075	0.0	0.0	0.0	0.0	0.0	0.0006030635628995297	0.0	0.0	0.0	0.006006006006006006	0.0	0.0	0.0	0.0	0.0	0.0	0.0
D_0__Bacteria;D_1__Actinobacteria;D_2__Coriobacteriia;D_3__Coriobacteriales;D_4__Eggerthellaceae	0.0004356942515589685	0.0	0.0	0.005435664449131916	0.0	0.0	0.0	0.0	0.0	0.0	0.0	0.0	0.0	0.0	0.0	0.0	0.0	0.0	0.0	0.0	0.0	0.0	0.0	0.0	0.0	0.0	0.0	0.0	0.0	0.0	0.0	0.0	0.0	0.0	0.0	0.0	0.0	0.0	0.0018077413866439815	0.0	0.0	0.0	0.0	0.0	0.0	0.0	0.0	0.0	0.0	0.0	0.0
D_0__Bacteria;D_1__Actinobacteria;D_2__Thermoleophilia;D_3__Gaiellales;D_4__uncultured	0.0	0.0	0.0	0.0	0.0017124150088139007	0.0003859215807347947	0.0	0.0	0.0	0.0	0.0	0.0	0.0	0.0	0.0	0.0	0.0	0.0	0.0	0.0	0.0	0.0	0.0	0.0	0.0	0.0	0.0	0.0	0.0	0.0	0.0	0.0	0.0	0.0	0.0	0.0	0.0	0.0	0.0	0.0	0.0	0.0	0.0	0.0	0.0	0.0	0.0	0.0	0.0	0.0	0.0
D_0__Bacteria;D_1__Actinobacteria;D_2__Thermoleophilia;D_3__Solirubrobacterales;D_4__67-14	0.0	0.0	0.0	0.0	0.0006043817678166709	0.0	0.0	0.00042278828876440123	0.0	0.0	0.0	0.0	0.0	0.0	0.0	0.0	0.0	0.0	0.0	0.0	0.0	0.0	0.0	0.0	0.0	0.0	0.0	0.0	0.0	0.0	0.0	0.0	0.0	0.00036634509708145075	0.0	0.0	0.0	0.0	0.0	0.0	0.0	0.0	0.0	0.0	0.0	0.0	0.0	0.0	0.0	0.0	0.0
D_0__Bacteria;D_1__Actinobacteria;D_2__Thermoleophilia;D_3__Solirubrobacterales;D_4__Solirubrobacteraceae	0.0	0.0	0.0	0.0	0.00030219088390833545	0.0002315529484408768	0.0	0.0	0.0	0.0	0.0	0.0	0.0	0.0	0.0	0.0	0.0	0.0	0.0	0.0	0.0	0.0006099686301847334	0.0	0.0	0.0	0.0	0.0	0.0	0.0	0.0	0.0	0.0	0.0	0.0012211503236048357	0.0	0.0	0.0	0.0	0.0	0.0	0.0	0.0	0.0	0.0	0.0	0.0	0.0	0.0	0.0	0.0	0.0
D_0__Bacteria;D_1__Actinobacteria;D_2__Thermoleophilia;D_3__Solirubrobacterales;Other	0.0	0.0	0.0	0.0	0.0	0.00015436863229391788	0.0	0.0	0.0	0.0	0.0	0.0	0.0	0.0	0.0	0.0	0.0	0.0	0.0	0.00012072191706404298	0.0	0.0	0.0	0.0	0.0	0.0	0.0	0.0	0.0	0.0	0.0	0.0	0.0	0.0	0.0	0.0	0.0	0.0	0.0	0.0	0.0	0.0	0.0	0.0	0.0	0.0	0.0	0.0	0.0	0.0	0.0
D_0__Bacteria;D_1__Armatimonadetes;D_2__uncultured;D_3__uncultured bacterium;D_4__uncultured bacterium	0.0	0.0	0.0	0.0	0.0	0.0	0.0	0.0	0.0	0.0	0.0	0.0	0.0	0.0	0.0	0.0	0.0	0.0	0.0	0.0009054143779803223	0.0	0.0	0.0	0.0	0.0	0.0	0.0	0.0	0.0	0.0	0.0	0.0	0.0	0.0	0.0	0.0	0.0	0.0	0.0	0.0	0.0	0.0	0.0	0.0	0.0	0.0	0.0	0.0	0.0	0.0	0.0
D_0__Bacteria;D_1__Bacteroidetes;D_2__Bacteroidia;D_3__Bacteroidales;D_4__Bacteroidaceae	0.0	0.005847076461769116	0.000896358543417367	0.0	0.0	0.0004631058968817536	0.0	0.0	0.0	0.0004930966469428008	0.0017700681476236838	0.0	0.0011534025374855825	0.0	0.0	6.225487144369047e-05	0.0	0.0	0.0	0.0014486630047685157	0.00012784454103809768	0.0	0.0	0.0	0.000900225056264066	0.0026767583533321027	0.011876750700280112	0.0	0.0034390300769410118	0.0023582053452654494	0.0	0.0	0.0023317036479879654	0.002930760776651606	0.0029343440518400784	0.0	0.0	0.0013293452974410102	0.0	0.006271861054155108	0.0	0.0	0.0	0.009009009009009009	0.0	0.0	0.0	0.0	0.0	0.0	0.0
D_0__Bacteria;D_1__Bacteroidetes;D_2__Bacteroidia;D_3__Bacteroidales;D_4__Dysgonomonadaceae	0.0	0.0	0.001792717086834734	0.0	0.0	0.0	0.0	0.0	0.0	0.0	0.0	0.0	0.0	0.0	0.0	0.0	0.0	0.0	0.0	0.0	0.0	0.0	0.0	0.0	0.0	0.0	0.0	0.0	0.0	0.0	0.0	0.0	0.0	0.0	0.0	0.0	0.0	0.0	0.0	0.0	0.0	0.0	0.0	0.0	0.0	0.0	0.0	0.0	0.0	0.0	0.0
D_0__Bacteria;D_1__Bacteroidetes;D_2__Bacteroidia;D_3__Bacteroidales;D_4__Muribaculaceae	0.0	0.0	0.0	0.0	0.0	0.0	0.0	0.0	0.0	0.0	0.0	0.0	0.0	0.0	0.0	0.0	0.0	0.0	0.0	0.0	0.0	0.0	0.0	0.0	0.0	0.0	0.0	0.0	0.0	0.0023582053452654494	0.0	0.0	0.0	0.0	0.0	0.0012196051528317708	0.0	0.0	0.0	0.0	0.00039677291363576247	0.0	0.0	0.0	0.0	0.0	0.0	0.0	0.0	0.0	0.0
D_0__Bacteria;D_1__Bacteroidetes;D_2__Bacteroidia;D_3__Bacteroidales;D_4__Paludibacteraceae	0.0	0.0	0.0	0.0	0.0	0.0	0.0	0.0	0.0	0.0	0.0	0.0	0.0	0.0	0.0	0.0	0.0	0.0	0.0	0.0	0.0	0.0	0.0	0.0	0.0	0.0	0.000896358543417367	0.0	0.0	0.0	0.0	0.0	0.0	0.0	0.0	0.0	0.0	0.0	0.0	0.0	0.0	0.0	0.0	0.0	0.0	0.0	0.0	0.0	0.0	0.0	0.0
D_0__Bacteria;D_1__Bacteroidetes;D_2__Bacteroidia;D_3__Bacteroidales;D_4__Prevotellaceae	0.0	0.0	0.0	0.0	0.0	0.0	0.003561887800534283	0.0	0.0	0.0	0.0	0.0	0.00011534025374855825	0.0	0.0	0.0	0.0	0.0	0.0	0.0	0.0010227563283047815	0.0012199372603694668	0.0	7.398091292446548e-05	0.0	0.002584456341148237	0.0	0.0	0.00023315458148752622	0.0	0.0	0.0001923076923076923	0.0	0.0007326901941629015	0.0	0.0	0.0	0.0	0.0	0.0	0.0	0.0	0.0	0.0	0.0	0.0	0.0	0.0	0.0	0.0	0.0
D_0__Bacteria;D_1__Bacteroidetes;D_2__Bacteroidia;D_3__Bacteroidales;D_4__Tannerellaceae	0.0	0.0	0.0	0.0	0.0	0.0	0.0	0.0	0.0	0.0	0.0	0.0	0.0	0.0	0.0	0.0	0.0	0.0	0.0	0.0	0.0	0.0	0.0	0.0	0.0	0.0	0.0	0.0	0.0013989274889251574	0.0	0.0	0.0	0.0	0.0	0.0	0.0	0.0	0.0	0.0008507018290089324	0.0	0.0	0.0	0.0005572065378900445	0.0	0.0	0.0	0.0	0.0	0.0	0.0	0.0
D_0__Bacteria;D_1__Bacteroidetes;D_2__Bacteroidia;D_3__Chitinophagales;D_4__Chitinophagaceae	0.0	0.0	0.0	0.0	0.002064971040040292	0.0020839765359678916	0.0	0.0	0.0	0.0	0.0	0.0	0.0016147635524798153	0.0	0.0	0.0	0.0	0.0	0.0	0.0011468582121084083	0.003068268984914344	0.0	0.0	0.0	0.0	0.0	0.0	0.0	0.0	0.0019349377191921634	0.0	0.0	0.0	0.00170961045304677	0.0022007580388800586	0.0	0.0	0.0	0.0	0.0	0.0	0.0	0.0	0.0	0.0	0.0	0.0	0.0	0.0	0.0	0.0
D_0__Bacteria;D_1__Bacteroidetes;D_2__Bacteroidia;D_3__Cytophagales;D_4__Hymenobacteraceae	0.0	0.0	0.00011204481792717087	0.0	0.003173004281037522	0.0027786353812905215	0.012466607301869992	0.004227882887644013	0.008705975464978234	0.0	0.0	0.0	0.001384083044982699	0.0	0.0	0.0	0.0	0.0	0.0	0.004647793806965655	0.003068268984914344	0.0010456605088881143	8.378718056137411e-05	0.0	0.0	0.0	0.0	0.0	0.0015155047796689203	0.010097956222034103	0.0	0.0	0.00015043249341857841	0.01086823788008304	0.0	0.0	0.0	0.0	0.0	0.0	0.0	0.0	0.0	0.0	0.0	0.0	0.0	0.0	0.0	0.0	0.0
D_0__Bacteria;D_1__Bacteroidetes;D_2__Bacteroidia;D_3__Cytophagales;D_4__Microscillaceae	0.0	0.00014992503748125936	0.0	0.0	0.0	0.0	0.0	0.00021139414438220062	0.0	0.0	0.0	0.0002565747273893522	0.0	0.0	0.0	0.0	0.0	0.0	0.0	0.0	0.0	0.0	0.0	0.0	0.0	0.0	0.0	0.0	0.0	0.0025396057564397146	6.799483239273815e-05	0.0	0.0	0.0	0.0	0.0	0.0	0.0	0.0	0.0007236762754794355	0.0	0.0	0.0	0.0	0.0	0.0	0.0	0.0	0.0	0.0	0.0
D_0__Bacteria;D_1__Bacteroidetes;D_2__Bacteroidia;D_3__Cytophagales;D_4__Spirosomaceae	0.00035400157939166193	0.0	0.0	0.0	0.0004029211785444472	0.002238345168261809	0.003383793410507569	0.0	0.005276348766653475	0.0	0.0	0.004874919820397691	0.0002306805074971165	0.0	0.0	0.0	0.0	0.00010149193139145438	0.0	0.0019315506730246876	0.000383533623114293	0.0	0.001508169250104734	0.0	7.501875468867217e-05	0.0	0.0020168067226890756	0.0	0.0	0.00876768654008949	0.0	0.0	0.0	0.00012211503236048357	0.0004890573419733463	0.0	0.0	0.0	0.0	0.0	0.0	0.0	0.0	0.0	0.0	0.0	0.0	0.0	0.0	0.0	0.0
D_0__Bacteria;D_1__Bacteroidetes;D_2__Bacteroidia;D_3__Flavobacteriales;D_4__Flavobacteriaceae	0.0	0.002098950524737631	0.0	0.0	0.0012591286829513977	0.0010805804260574253	0.0005342831700801424	0.0	0.0	0.0	0.0	0.014239897370109044	0.0	0.0	0.0	0.0	0.0	0.0017253628336547245	0.0	0.0007243315023842578	0.0005113781641523907	0.0	0.0	0.0	0.0	0.0	0.0013445378151260505	0.0	0.00011657729074376311	0.0032652074011367757	0.0	0.0	0.0006769462203836029	0.004884601294419344	0.000611321677466683	0.0	0.0012871853546910755	0.0	0.0	0.0008442889880593415	0.0	0.0	0.0	0.0	0.0	0.0	0.0	0.0	0.0	0.0	0.0
D_0__Bacteria;D_1__Bacteroidetes;D_2__Bacteroidia;D_3__Flavobacteriales;D_4__Weeksellaceae	0.0018789314598480517	0.0	0.0019047619047619048	0.0029206555249067013	0.008058423570888946	0.004090768755788824	0.028495102404274265	0.003065215093541909	0.024007386888273315	0.0	0.0	0.0032071840923669015	0.009111880046136101	0.0	0.0	0.0008715682002116666	0.0	0.001116411245305998	0.00914262494920764	0.005734291060542043	0.03055484530810534	0.0019170442662948763	0.0027649769585253456	7.398091292446548e-05	0.0	0.001661436219309581	0.00257703081232493	0.00016160310277957336	0.0028561436232221963	0.011367759100253961	6.799483239273815e-05	0.0007051282051282052	0.003685596088755171	0.029063377701795085	0.007213595794106859	0.0	0.014016018306636156	0.00016616816218012627	0.0	0.00024122542515981184	0.0	0.0	0.0	0.0	0.0	0.0	0.0	0.0	0.0	0.0	0.0
D_0__Bacteria;D_1__Bacteroidetes;D_2__Bacteroidia;D_3__Sphingobacteriales;D_4__Sphingobacteriaceae	0.0022873948206845844	0.0	0.0	0.0017037157228622425	0.013497859481238985	0.00926211793763507	0.014247551202137132	0.0031709121657330095	0.03192191003825353	0.0	0.0	0.013470173187940991	0.0005767012687427913	0.0	0.0	0.0	0.0	0.0012179031766974525	0.00954896383583909	0.004949598599625762	0.03260035796471491	0.0003485535029627048	0.000754084625052367	0.0	0.0003000750187546887	0.0	0.004705882352941176	0.0004848093083387201	0.0016320820704126835	0.006530414802273553	0.0	0.000641025641025641	0.0006017299736743137	0.008548052265233851	0.0019562293678933853	0.0	0.006292906178489702	0.0	0.0	0.0	0.0	0.0	0.0	0.0	0.01639344262295082	0.0	0.0	0.0	0.0	0.0	0.0
D_0__Bacteria;D_1__Bacteroidetes;D_2__Bacteroidia;D_3__Sphingobacteriales;D_4__env.OPS 17	0.0	0.0	0.0	0.0	0.0	0.0	0.0	0.0	0.0	0.0	0.0	0.0030788967286722257	0.0	0.0	0.0	0.0	0.0	0.0	0.0	0.0	0.0	0.0	0.0	0.0	0.0	0.0	0.0	0.0	0.0	0.0	0.0	0.0	0.0	0.0	0.0	0.0	0.0	0.0	0.0	0.0	0.0	0.0	0.0	0.0	0.0	0.0	0.0	0.0	0.0	0.0	0.0
D_0__Bacteria;D_1__Bacteroidetes;D_2__Rhodothermia;D_3__Rhodothermales;D_4__Rhodothermaceae	0.0	0.0	0.0	0.0	0.0	0.0	0.0	0.0	0.0	0.0	0.0	0.0	0.0	0.0	0.0	0.0	0.0	0.0	0.0	0.0	0.001150600869342879	0.0	0.0	0.0	0.0	0.0	0.0	0.0	0.0	0.0	0.0	0.0	0.0	0.0	0.0	0.0	0.0	0.0	0.0	0.0	0.0	0.0	0.0	0.0	0.0	0.0	0.0	0.0	0.0	0.0	0.0
D_0__Bacteria;D_1__Chlamydiae;D_2__Chlamydiae;D_3__Chlamydiales;D_4__Simkaniaceae	0.0	0.0	0.0	0.0	0.0	0.0	0.0	0.0007398795053377022	0.0	0.0	0.0	0.0	0.0	0.0	0.0	0.0	0.0	0.0	0.0	0.0	0.0	0.0	0.0	0.0	0.0	0.0	0.0	0.0	0.0	0.0	0.0	0.0	0.0	0.0	0.0	0.0	0.0	0.0	0.0	0.0	0.0	0.0	0.0	0.0	0.0	0.0	0.0	0.0	0.0	0.0	0.0
D_0__Bacteria;D_1__Chloroflexi;D_2__Anaerolineae;D_3__RBG-13-54-9;Ambiguous_taxa	0.0	0.0	0.0	0.0	0.0	0.0	0.0	0.0	0.0	0.0	0.0	0.0	0.0	0.0	0.0	0.0	0.0	0.0	0.0	0.0006036095853202149	0.0	0.0	0.0	0.0	0.0	0.0	0.0	0.0	0.0	0.0	0.0	0.0	0.0	0.0	0.0	0.0	0.0	0.0	0.0	0.0	0.0	0.0	0.0	0.0	0.0	0.0	0.0	0.0	0.0	0.0	0.0
D_0__Bacteria;D_1__Chloroflexi;D_2__Chloroflexia;D_3__Chloroflexales;D_4__Chloroflexaceae	0.0	0.0	0.0	0.0	0.0	0.0	0.004096170970614425	0.0	0.0	0.0	0.0	0.0	0.0	0.0	0.0	0.0	0.0	0.0	0.0	0.0	0.0	0.0	0.0	0.0	0.0	0.0	0.0	0.0	0.0	0.0	0.0	0.0	0.0	0.0	0.0	0.0	0.0	0.0	0.0	0.0	0.0	0.0	0.0	0.0	0.0	0.0	0.0	0.0	0.0	0.0	0.0
D_0__Bacteria;D_1__Chloroflexi;D_2__Gitt-GS-136;D_3__uncultured bacterium;D_4__uncultured bacterium	0.0012798518639544698	0.0	0.0	0.0	0.0	0.0	0.0	0.0	0.0	0.0	0.0	0.0	0.0	0.0	0.0	0.0	0.0	0.0	0.0	0.0	0.0	0.0	0.0	0.0	0.0	0.0	0.0	0.0	0.0	0.0	0.0	0.0	0.0	0.0	0.0	0.0	0.0	0.0	0.0	0.0	0.0	0.0	0.0	0.0	0.0	0.0	0.0	0.0	0.0	0.0	0.0
D_0__Bacteria;D_1__Chloroflexi;D_2__KD4-96;D_3__uncultured bacterium;D_4__uncultured bacterium	0.0	0.0	0.0	0.0	0.000554016620498615	0.0	0.0	0.0	0.0	0.0	0.0	0.0	0.0	0.0	0.0	0.0	0.0	0.0	0.0	0.0	0.0	0.0	0.0	0.0	0.0	0.0	0.0	0.0	0.0	0.0	0.0	0.0	0.0	0.0	0.0	0.0	0.0	0.0	0.0	0.0	0.0	0.0	0.0	0.0	0.0	0.0	0.0	0.0	0.0	0.0	0.0
D_0__Bacteria;D_1__Cyanobacteria;D_2__Sericytochromatia;Ambiguous_taxa;Ambiguous_taxa	0.0	0.0	0.0	0.0032451728054518902	0.0	0.0	0.0	0.0	0.0	0.0	0.0	0.0030788967286722257	0.0	0.0	0.0	0.0	0.0	0.0003044757941743631	0.0	0.0	0.00025568908207619537	0.0	0.0	0.0	0.0	0.0	0.0	0.0	0.0	0.0	6.799483239273815e-05	0.0	0.0	0.0	0.0004890573419733463	0.0	0.0	0.0	0.0	0.0	0.0	0.0	0.0	0.0	0.0	0.0	0.0	0.0	0.0	0.0	0.0
D_0__Bacteria;D_1__Deinococcus-Thermus;D_2__Deinococci;D_3__Deinococcales;D_4__Deinococcaceae	0.001688315224791003	0.0014992503748125937	0.0021288515406162464	0.0	0.0002014605892722236	0.0	0.03508459483526269	0.0	0.0	8.21827744904668e-05	0.0	0.0014111610006414367	0.000922722029988466	0.0	0.0	0.00012450974288738095	0.0	0.0	0.0	0.0	0.012017386857581181	0.0010456605088881143	0.00033514872224549644	0.0	0.0	0.0005538120731031936	0.0	0.0	0.0	0.0	0.0	0.0	0.0008273787138021812	0.0	0.0011003790194400293	0.0	0.0002860411899313501	0.0	0.0	0.0	0.0	0.0	0.0	0.0	0.01639344262295082	0.0	0.0	0.0	0.0	0.0	0.0
D_0__Bacteria;D_1__Deinococcus-Thermus;D_2__Deinococci;D_3__Deinococcales;D_4__Trueperaceae	0.0	0.0	0.0	0.0	0.0	0.0	0.0	0.0	0.0	0.0	0.0	0.0	0.0	0.0	0.0	0.0	0.0	0.0	0.0	0.0	0.0	0.0	0.0	0.0	0.0	0.0	0.0	0.0	0.0	0.0	0.0	0.0	0.0	0.0	0.0	0.0	0.0	0.0004985044865403788	0.0	0.0	0.0	0.0	0.0	0.0	0.0	0.0	0.0	0.0	0.0	0.0	0.0
D_0__Bacteria;D_1__Dependentiae;D_2__Babeliae;D_3__Babeliales;D_4__Vermiphilaceae	0.0	0.0	0.0	0.0	0.0	0.0	0.0	0.0	0.0	0.0	0.0	0.0	0.0	0.0	0.0	0.0	0.0	0.0	0.0	0.0	0.0	0.0	0.0	0.0	0.0	0.0	0.0	0.0	0.0	0.0	0.0	0.0	0.0	0.0	0.0009781146839466927	0.0	0.0	0.0	0.0	0.0	0.0	0.0	0.0	0.0	0.0	0.0	0.0	0.0	0.0	0.0	0.0
D_0__Bacteria;D_1__Epsilonbacteraeota;D_2__Campylobacteria;D_3__Campylobacterales;D_4__Campylobacteraceae	0.4205811072080168	0.0	0.0	0.0	0.0008058423570888945	0.8484871874035196	0.006411398040961709	0.6381989218898636	0.0	0.8860124917817225	0.0	0.0	0.8350634371395618	0.00015444015444015445	0.25726419311578	0.004482350743945714	0.0	0.8573023444636152	0.0008126777732629012	0.7187782941993118	0.009588340577857325	0.0	0.061416003351487225	0.0	0.0	0.0017537382314934465	0.5669467787114846	0.0	0.03240848682676615	0.029084532591607207	6.799483239273815e-05	0.9387179487179488	7.521624670928921e-05	0.4899255098302601	0.0	0.0	0.0	0.060900631439016285	0.0017014036580178648	0.0	0.0	0.009865824782951855	0.0	0.012012012012012012	0.0	0.0	0.0	0.0	0.0	0.0	0.0
D_0__Bacteria;D_1__Epsilonbacteraeota;D_2__Campylobacteria;D_3__Campylobacterales;D_4__Helicobacteraceae	2.7230890722435532e-05	0.00014992503748125936	0.00515406162464986	0.6392990426740224	0.7537647947620247	0.0	0.0	0.008244371630905824	0.0	0.0	0.0	0.0	0.00011534025374855825	0.0	0.0	6.225487144369047e-05	0.0	0.0	0.0	0.0	0.0	0.0	0.5477167993297025	0.0	0.24696174043510877	0.0	0.0	0.023270846800258566	0.33212870132898115	0.36521949449752084	0.0	0.0	0.7013162843174126	0.05018927830015875	0.0050128377552268	0.0	0.0	0.0	0.0028711186729051467	0.0	0.0	0.0	9.286775631500742e-05	0.0	0.0	0.0	0.0	0.0	0.0	0.0	0.0
D_0__Bacteria;D_1__FBP;Ambiguous_taxa;Ambiguous_taxa;Ambiguous_taxa	0.0	0.0	0.0	0.0	0.0004029211785444472	0.0	0.0	0.0	0.0	0.0	0.0	0.0	0.0	0.0	0.0	0.0	0.0	0.0	0.0	0.0	0.0	0.0	0.0	0.0	0.0	0.0	0.0	0.0	0.0	0.0	0.0	0.0	0.0	0.0	0.0	0.0	0.0	0.0	0.0	0.0	0.0	0.0	0.0	0.0	0.0	0.0	0.0	0.0	0.0	0.0	0.0
D_0__Bacteria;D_1__FBP;D_2__uncultured bacterium;D_3__uncultured bacterium;D_4__uncultured bacterium	8.169267216730659e-05	0.0	0.0	0.0	0.0	0.0	0.0028495102404274266	0.0	0.001055269753330695	0.0	0.0	0.0	0.0	0.0	0.0	0.0	0.0	0.0	0.0	0.0	0.001534134492457172	0.0	0.00033514872224549644	0.0	0.0	0.0	0.0	0.0	0.0	0.0	0.0	0.0	0.0	0.0	0.0	0.0	0.0	0.0	0.0	0.0	0.0	0.0	0.0	0.0	0.0	0.0	0.0	0.0	0.0	0.0	0.0
D_0__Bacteria;D_1__Firmicutes;D_2__Bacilli;D_3__Bacillales;D_4__Alicyclobacillaceae	0.000517386923726275	0.006596701649175412	0.0011204481792717086	0.0	0.002165701334676404	0.0014665020067922197	0.005699020480854853	0.00338230631011521	0.02084157762828123	0.0009040105193951348	0.0031861226657226302	0.010006414368184734	0.0016147635524798155	0.0	0.00011175681716584712	0.0001867646143310714	0.00042498937526561835	0.002334314422003451	0.00914262494920764	0.0035009355948572465	0.009716185118895423	0.0015684907633321714	0.001591956430666108	0.0	0.000900225056264066	0.0046151006091932805	0.002352941176470588	0.00016160310277957336	0.002506411750990907	0.009977022614584594	6.799483239273815e-05	0.0002564102564102564	0.0002256487401278676	0.005250946391500794	0.0013449076904267026	0.000457351932311914	0.009725400457665904	0.002409438351611831	0.0034028073160357296	0.003015317814497648	0.007670942996958074	0.0022691397000789266	0.0010215453194650818	0.0	0.0	0.0	0.0	0.0	0.0	0.0	0.0
D_0__Bacteria;D_1__Firmicutes;D_2__Bacilli;D_3__Bacillales;D_4__Bacillaceae	0.0047109440949813465	0.01169415292353823	0.00392156862745098	0.009573259776083077	0.004986149584487534	0.0033189255943192344	0.007658058771148709	0.008032977486523624	0.01978630787495054	0.0004930966469428008	0.006726258960969998	0.09608723540731239	0.004036908881199538	0.0	0.00022351363433169424	0.0025524497291913094	0.0026561835954101148	0.002131330559220542	0.002438033319788704	0.013460493752640792	0.011633853234466888	0.007406761937957476	0.00041893590280687055	7.398091292446548e-05	0.0002250562640660165	0.00526121469448034	0.015126050420168067	0.001292824822236587	0.02133364420610865	0.019409843995646388	0.00020398449717821444	0.002628205128205128	0.014516735614892817	0.002686530711930639	0.007702653136080205	0.000457351932311914	0.004576659038901602	0.002991026919242273	0.0010633772862611655	0.013388011096369556	0.026187012299960323	0.003058405682715075	0.0010215453194650816	0.024024024024024024	0.09836065573770492	0.0	0.0	0.0	0.0	0.5	0.0
D_0__Bacteria;D_1__Firmicutes;D_2__Bacilli;D_3__Bacillales;D_4__Family XI	5.4461781444871064e-05	0.008995502248875561	0.0	0.0	0.0	0.0	0.0	0.0	0.0	0.0	0.0007080272590494735	0.0	0.00011534025374855825	0.0	0.0	0.0	0.0	0.0	0.0	0.0	0.0	0.0	0.0	0.0	0.0	0.0	0.0	0.0	0.0	0.0	0.0	0.0	0.0006769462203836029	0.0	0.0	0.0	0.0	0.0	0.0	0.0	0.0	0.0004932912391475928	0.0	0.0	0.0	0.0	0.0	0.0	0.0	0.0	0.0
D_0__Bacteria;D_1__Firmicutes;D_2__Bacilli;D_3__Bacillales;D_4__Family XII	0.0	0.0	0.0	0.0	0.0	0.0	0.0	0.0	0.0	0.0	0.0	0.0	0.0	0.0	0.0	0.0	0.0	0.0	0.0	0.0	0.0	0.0	0.0	0.0	0.0	0.0	0.0	0.0	0.0	0.0	0.0	0.0001923076923076923	0.0	0.0	0.0	0.0	0.0	0.0	0.0	0.0	0.0	0.0	0.0	0.0	0.0	0.0	0.0	0.0	0.0	0.0	0.0
D_0__Bacteria;D_1__Firmicutes;D_2__Bacilli;D_3__Bacillales;D_4__Paenibacillaceae	0.0005718487051711461	0.0	0.0	0.0	0.0016620498614958448	0.0	0.0	0.0	0.003561535417491096	0.0	0.0	0.0	0.00034602076124567473	0.0	0.0	0.0	0.0	0.0004059677255658175	0.0	0.0004828876682561719	0.0019176681155714651	0.0005228302544440571	8.378718056137411e-05	0.0	7.501875468867217e-05	0.0	0.0	0.0	0.0013406388435532757	0.0	0.0	0.0005128205128205128	0.003384731101918014	0.0	0.0008558503484533561	0.0	0.0	0.0	0.0005316886431305827	0.0	0.0	0.0	0.0	0.0	0.0	0.0	0.0	0.0	0.0	0.0	0.0
D_0__Bacteria;D_1__Firmicutes;D_2__Bacilli;D_3__Bacillales;D_4__Planococcaceae	0.00024507801650191976	0.0047976011994002995	0.0	0.023608632159662503	0.0044824981113069755	0.0	0.006767586821015138	0.00010569707219110031	0.01728004221079013	8.21827744904668e-05	0.0	0.007440667094291212	0.00034602076124567473	0.0	0.0003352704514975414	0.0	0.0	0.00010149193139145438	0.0	0.0004828876682561719	0.03694707236001023	0.0012199372603694668	0.0005027230833682447	0.00014796182584893096	0.00015003750937734434	0.0	0.004929971988795518	0.0	0.0005828864537188156	0.0022977385415406944	6.799483239273815e-05	0.0003205128205128205	0.0016547574276043625	0.0021980705824887047	0.0059909524391734935	0.0	0.0015732265446224256	0.0	0.0015950659293917481	0.008804728018333133	0.0	0.0	0.0	0.0	0.0	0.0	0.0	0.0	0.0	0.0	0.0
D_0__Bacteria;D_1__Firmicutes;D_2__Bacilli;D_3__Bacillales;D_4__Staphylococcaceae	0.0002450780165019198	0.00014992503748125936	0.00011204481792717087	0.0	0.0	0.0002315529484408768	0.0	0.0	0.0	0.0	0.0	0.0008980115458627325	0.0002306805074971165	0.0	0.0	6.225487144369047e-05	0.0	0.00010149193139145438	0.0	0.0010261362950443652	0.0	0.0	0.00033514872224549644	0.0	0.0012003000750187547	0.0	0.00011204481792717087	0.00016160310277957336	0.0023898344602471438	0.0035070746160357964	6.799483239273815e-05	0.001346153846153846	0.00030086498683715683	0.0	0.00024452867098667317	0.0	0.0	0.0	0.0	0.00036183813773971776	0.0	0.0	0.0003714710252600297	0.0	0.0	0.0	0.0	0.0	0.0	0.0	0.0
D_0__Bacteria;D_1__Firmicutes;D_2__Bacilli;D_3__Lactobacillales;D_4__Aerococcaceae	2.7230890722435532e-05	0.0	0.0	0.0	0.0	7.718431614695894e-05	0.0	0.0	0.004352987732489117	0.0	0.0	0.0	0.0	0.0	0.0	0.0	0.0	0.0	0.0	0.0005432486267881934	0.0	0.0	0.0	0.0	0.0	0.0	0.0	0.0	0.0	0.0	0.0	0.0	0.0	0.0004884601294419343	0.0	0.0	0.0	0.0	0.0	0.0	0.0	0.0	0.0	0.0	0.0	0.0	0.0	0.0	0.0	0.0	0.0
D_0__Bacteria;D_1__Firmicutes;D_2__Bacilli;D_3__Lactobacillales;D_4__Carnobacteriaceae	0.004738174985703782	0.004197901049475262	0.0	0.0	0.0010576680936791741	0.0	0.03365983971504898	0.0007398795053377022	0.0031658092599920855	0.0	0.0	0.0011545862732520848	0.000922722029988466	0.0	0.0	0.00012450974288738095	0.0	0.0010149193139145439	0.0	0.0	0.017131168499105086	0.0028755663994423147	0.0017595307917888563	0.0	0.0	0.0011076241462063873	0.0	0.0	0.001049195616693868	0.0	0.0	0.0007051282051282052	0.0020308386611508087	0.0	0.006602274116640176	0.0	0.008295194508009154	0.0	0.0	0.0006030635628995297	0.00013225763787858748	9.865824782951855e-05	0.0	0.02702702702702703	0.0	0.0	0.0	0.0	0.0	0.0	0.0
D_0__Bacteria;D_1__Firmicutes;D_2__Bacilli;D_3__Lactobacillales;D_4__Enterococcaceae	0.27982463306374744	0.2826086956521739	0.7064425770308123	0.008437449294174915	0.003173004281037522	0.00015436863229391788	0.04505788067675868	0.0026424268047775075	0.024139295607439652	0.010437212360289284	0.8208691034604833	0.12187299550994227	0.030911188004613607	0.9127413127413128	0.31761287438533753	0.021913714748179047	0.9203144921376966	0.009743225413579621	0.02092645266151971	0.005855012977606084	0.35387368959345433	0.633495991634716	0.31730205278592377	0.9923799659687801	0.38957239309827457	0.4789551412220786	0.006722689075630252	0.7690691661279896	0.00816041035206342	0.004414076671907123	0.5283198476915754	0.003782051282051282	0.031139526137645732	0.005006716326779827	0.05905367404328157	0.622760881164723	0.49756864988558347	0.061648388168826854	0.6312207571246278	0.2425521649981908	0.6594365824626373	0.42205998421468033	0.5208952451708767	0.0	0.1885245901639344	0.0	0.0	0.0	1.0	0.5	0.0
D_0__Bacteria;D_1__Firmicutes;D_2__Bacilli;D_3__Lactobacillales;D_4__Lactobacillaceae	0.024861803229583642	0.31244377811094454	0.00011204481792717087	0.0030017848450429986	0.0014605892722236212	7.718431614695894e-05	0.01282279608192342	0.0012683648662932037	0.0	0.0015614727153188692	0.02398442340030091	0.00718409236690186	0.02918108419838524	0.08231660231660232	0.3739383102369245	0.03243478802216273	0.05025499362515937	0.00994620927636253	0.07964242177976431	0.021669584112995716	0.03029915622602915	0.15240501917044266	0.010305823209049013	0.0	0.3250562640660164	0.0034151744508030277	0.0	0.1850355526826115	0.0	0.00030233401862377556	0.45964506697490987	0.001346153846153846	0.0	0.003052875809012089	0.0019562293678933853	0.24712249409253753	0.01916475972540046	0.38650714523097374	0.28083794130157375	0.3971776625256302	0.033593440021161214	0.41426598263614844	0.4447436849925706	0.015015015015015015	0.14754098360655737	0.0	0.0	0.0	0.0	0.0	1.0
D_0__Bacteria;D_1__Firmicutes;D_2__Bacilli;D_3__Lactobacillales;D_4__Leuconostocaceae	0.0010075429567301148	0.002098950524737631	0.001792717086834734	8.112932013629726e-05	0.0006547469151347268	0.0002315529484408768	0.0	0.0	0.00013190871916633689	0.0	0.0002655102221435525	0.0322001282873637	0.0008073817762399078	0.0	0.0004470272686633885	0.0002490194857747619	0.00021249468763280918	0.0009134273825230895	0.006095083299471759	0.0007846924609162793	0.008054206085400153	0.0006971070059254096	8.378718056137411e-05	0.0	0.0	0.007753369023444711	0.0019047619047619048	0.0	0.005304266728841222	6.046680372475511e-05	0.0	0.0005128205128205128	0.000376081233546446	0.0	0.004034723071280107	7.622532205198568e-05	0.004862700228832952	0.0	0.00010633772862611655	0.0	0.0	0.0	0.0	0.0	0.00819672131147541	0.0	0.0	0.0	0.0	0.0	0.0
D_0__Bacteria;D_1__Firmicutes;D_2__Bacilli;D_3__Lactobacillales;D_4__Streptococcaceae	0.0071344933692781085	0.0929535232383808	0.02330532212885154	0.025312347882524747	0.006597834298665324	0.0033189255943192344	0.03579697239536955	0.0011626677941021036	0.017411950929956472	0.0031229454306377384	0.0123019736259846	0.011289288005131496	0.01061130334486736	0.0	0.0003352704514975414	0.000809313328767976	0.0010624734381640458	0.005886532020704354	0.04205607476635514	0.005191042433753848	0.019176681155714654	0.0029627047751829907	0.0009216589861751152	0.00029592365169786193	0.000900225056264066	0.007661067011260846	0.020840336134453782	0.00016160310277957336	0.003205875495453486	0.005018744709154674	0.00020398449717821444	0.001923076923076923	0.00564121850319669	0.006594211747466113	0.01797285731752048	0.0023629849836115558	0.006292906178489702	0.0058989697573944835	0.0026584432156529134	0.030032565432396574	0.002380637481814575	0.003453038674033149	9.286775631500742e-05	0.003003003003003003	0.04098360655737705	0.0	0.0	0.0	0.0	0.0	0.0
D_0__Bacteria;D_1__Firmicutes;D_2__Clostridia;D_3__Clostridiales;D_4__Clostridiaceae 1	0.0019061623505704872	0.013343328335832084	0.00918767507002801	0.0	0.0024175270712666836	0.002778635381290522	0.0028495102404274266	0.0034880033823063102	0.0	0.001232741617357002	0.002832109036197894	0.0	0.0012687427912341407	0.0	0.002011622708985248	0.0009338230716553571	0.00371865703357416	0.0	0.027224705404307194	0.0022333554656847948	0.0	0.0006971070059254096	0.0027649769585253456	0.0	0.0032258064516129032	0.005630422743215803	0.0	0.00856496444731739	0.0036138960130566566	0.0034466078123110413	0.003467736452029646	0.0	0.0022564874012786762	0.017218219562828183	0.0	0.0006098025764158854	0.0	0.023429710867397806	0.002126754572522331	0.036907490049451215	0.11704800952254993	0.006708760852407261	0.0	0.0	0.0	0.0	0.0	0.0	0.0	0.0	0.0
D_0__Bacteria;D_1__Firmicutes;D_2__Clostridia;D_3__Clostridiales;D_4__Eubacteriaceae	0.0	0.0	0.0	0.0	0.0	0.0	0.0	0.0	0.0	0.0	0.0	0.0	0.0	0.0	0.0	0.0	0.0	0.0	0.0	0.0	0.0	0.00026141512722202857	0.0	0.0	0.0	0.0	0.0	0.0	0.0	0.0	0.0	0.0	0.0	0.0	0.0	0.0	0.0	0.0	0.0	0.0	0.0	0.0	0.0	0.0	0.0	0.0	0.0	0.0	0.0	0.0	0.0
D_0__Bacteria;D_1__Firmicutes;D_2__Clostridia;D_3__Clostridiales;D_4__Family XI	0.000871388503117937	0.0	0.0	0.0	5.03651473180559e-05	0.0	0.0	0.0	0.0	0.0	0.0	0.0	0.0	0.0	0.0	0.0	0.0	0.0	0.0	0.0	0.0	0.0	0.0	0.0	0.0003000750187546887	0.0	0.0	0.0	0.0	0.0	0.0	0.0	0.0027830011282437006	0.0	0.0	0.0	0.0	0.0	0.0010633772862611655	0.00036183813773971776	0.0	0.0001973164956590371	0.0	0.0	0.00819672131147541	0.0	0.0	0.0	0.0	0.0	0.0
D_0__Bacteria;D_1__Firmicutes;D_2__Clostridia;D_3__Clostridiales;D_4__Lachnospiraceae	0.006126950412547995	0.008845577211394303	0.021064425770308124	0.017686191789712803	0.004986149584487535	0.006329113924050633	0.08584149599287622	0.004650671176408413	0.04115552037989711	0.0023011176857330702	0.020709797327197098	0.023476587556125722	0.0016147635524798155	0.00046332046332046335	0.000894054537326777	0.001431862043204881	0.002018699532511687	0.006799959403227443	0.07943925233644861	0.014003742379428984	0.008949117872666838	0.003485535029627048	0.003100125680770842	0.00014796182584893096	0.001650412603150788	0.029075133837917665	0.042016806722689065	0.00016160310277957336	0.009267894614129168	0.03640101584230258	0.0	0.006025641025641026	0.018503196690485144	0.014287458786176575	0.022007580388800588	0.012196051528317708	0.02459954233409611	0.01163177135260884	0.002552105487026797	0.04607405620552406	0.0074064277212008995	0.0037490134175217045	0.004179049034175334	0.11711711711711711	0.06557377049180328	0.0	0.0	0.0	0.0	0.0	0.0
D_0__Bacteria;D_1__Firmicutes;D_2__Clostridia;D_3__Clostridiales;D_4__Peptococcaceae	0.0	0.0	0.0	0.0	0.0	0.0	0.0	0.0	0.0	0.0	0.0	0.0	0.0	0.0	0.0	0.0	0.0	0.0	0.0	0.0	0.0	0.0	0.0	0.0	0.0	0.0	0.0	0.0	0.0	0.0	0.0	0.0	0.0	0.0	0.0	0.0	0.0	0.0	0.0	0.0	0.0	0.0003946329913180742	0.0	0.0	0.0	0.0	0.0	0.0	0.0	0.0	0.0
D_0__Bacteria;D_1__Firmicutes;D_2__Clostridia;D_3__Clostridiales;D_4__Peptostreptococcaceae	0.0018789314598480517	0.0	0.004369747899159664	0.0	0.0	0.001234949058351343	0.005342831700801425	0.00010569707219110031	0.0	0.0001643655489809336	0.002035578369767236	0.003720333547145606	0.0006920415224913495	0.0	0.00011175681716584712	0.0	0.0003187420314492138	0.000811935451131635	0.0	0.0	0.001534134492457172	0.0	0.000754084625052367	0.0	0.0005251312828207052	0.0	0.0	0.0	0.0008743296805782234	0.0	0.0	0.0	0.005189921022940955	0.0010990352912443521	0.0	0.0012958304748837564	0.008295194508009154	0.0004985044865403788	0.0	0.0	0.0	0.0	9.286775631500742e-05	0.0	0.04098360655737705	0.0	0.0	0.0	0.0	0.0	0.0
D_0__Bacteria;D_1__Firmicutes;D_2__Clostridia;D_3__Clostridiales;D_4__Ruminococcaceae	0.0015521607711788254	0.002548725637181409	0.003137254901960784	0.007139380171994159	0.0006547469151347268	0.0	0.0019590382902938555	0.0029595180213508087	0.02387547816910698	0.0003287310979618672	0.00212408177714842	0.001924310455420141	0.0	0.0	0.0	0.0005602938429932142	0.00042498937526561835	0.0005074596569572719	0.028443722064201545	0.0007846924609162793	0.001150600869342879	0.000871383757406762	0.00025136154168412233	0.0	0.0017254313578394598	0.004707402621377145	0.00526610644257703	0.00016160310277957336	0.0	0.0061071471762002665	0.0	0.0004487179487179487	0.0	0.003907681035535474	0.0003667930064800098	0.0010671545087277993	0.005434782608695652	0.0032402791625124622	0.0015950659293917481	0.0027740923893378364	0.0009258034651501124	0.002170481452249408	0.000650074294205052	0.02702702702702703	0.0	0.0	0.0	0.0	0.0	0.0	0.0
D_0__Bacteria;D_1__Firmicutes;D_2__Erysipelotrichia;D_3__Erysipelotrichales;D_4__Erysipelotrichaceae	0.002042316804182665	0.0	0.0	0.0	0.0	0.0	0.0	0.0	0.005012531328320802	0.0	0.0	0.0	0.0	0.0	0.0	0.0	0.0	0.0	0.056074766355140186	0.001871189714492666	0.0016619790334952698	0.0	0.0	7.398091292446548e-05	0.0	0.002399852316780506	0.0014565826330532213	0.0	0.0	0.0	0.0	0.0	0.0013538924407672057	0.0	0.003545665729306761	0.000914703864623828	0.0	0.00041542040545031574	0.0	0.0	0.0	0.0004932912391475928	0.0010215453194650816	0.015015015015015015	0.02459016393442623	0.0	0.0	0.0	0.0	0.0	0.0
D_0__Bacteria;D_1__Firmicutes;D_2__Negativicutes;D_3__Selenomonadales;D_4__Acidaminococcaceae	0.0	0.0	0.0	0.0	0.0	0.0	0.0	0.0	0.0	0.0001643655489809336	0.0	0.0	0.0	0.0	0.0	0.0	0.0	0.0	0.0	0.0010261362950443652	0.0	0.000435691878703381	0.0	0.0	0.0	0.0	0.0	0.0	0.0	0.0	0.0	0.0	0.0	0.0	0.0	0.0	0.0	0.0	0.0	0.0	0.0	0.0	0.0	0.0	0.0	0.0	0.0	0.0	0.0	0.0	0.0
D_0__Bacteria;D_1__Firmicutes;D_2__Negativicutes;D_3__Selenomonadales;D_4__Veillonellaceae	0.0	0.0008995502248875562	0.003137254901960784	0.0	0.0009569377990430622	0.0	0.02493321460373998	0.0014797590106754043	0.006199709800817834	0.0005752794214332676	0.0	0.0	0.00034602076124567473	0.0	0.00011175681716584712	0.0	0.0	0.0005074596569572719	0.0	0.0015693849218325587	0.0	0.0026141512722202857	0.00033514872224549644	0.0	0.0	0.008030275059996308	0.0033613445378151263	0.0	0.0015155047796689206	0.006832748820897327	0.0	0.0008333333333333334	0.00285821737495299	0.0	0.015160777601173738	0.000228675966155957	0.0037185354691075512	0.005566633433034231	0.002126754572522331	0.0	0.0007935458272715249	0.0	0.0007429420505200594	0.0	0.0	0.0	0.0	0.0	0.0	0.0	0.0
D_0__Bacteria;D_1__Fusobacteria;D_2__Fusobacteriia;D_3__Fusobacteriales;D_4__Fusobacteriaceae	0.001334313645399341	0.0019490254872563718	0.0	0.0	0.0	0.0	0.0	0.0	0.0	0.0	0.0	0.0	0.0	0.0	0.0	0.0	0.0	0.0	0.0	0.0	0.0	0.0	0.0	0.0	0.0	0.0	0.0	0.0	0.0	0.0	0.0	0.0	0.0	0.0	0.0	0.0	0.0	0.0	0.0	0.0	0.0	0.0003946329913180742	0.0	0.0	0.0	0.0	0.0	0.0	0.0	0.0	0.0
D_0__Bacteria;D_1__Fusobacteria;D_2__Fusobacteriia;D_3__Fusobacteriales;D_4__Leptotrichiaceae	0.0	0.0023988005997001498	0.0	0.0	0.0	0.0	0.009973285841495993	0.0	0.0	0.0	0.0	0.0	0.0	0.0	0.0	0.0	0.0	0.0	0.0	0.0	0.0	0.0	0.0	0.0	0.0	0.0	0.0	0.0	0.0	0.0	0.0	0.0	0.0	0.0	0.0	0.0	0.002860411899313501	0.0	0.0	0.0	0.0	0.0	0.0	0.0	0.0	0.0	0.0	0.0	0.0	0.0	0.0
D_0__Bacteria;D_1__Gemmatimonadetes;D_2__Gemmatimonadetes;D_3__Gemmatimonadales;D_4__Gemmatimonadaceae	0.0	0.0	0.0	0.0	0.00030219088390833545	0.0	0.0	0.0	0.0	0.0	0.0	0.0	0.0	0.0	0.0	0.0	0.0	0.0	0.0	0.0	0.0	0.0	0.0	0.0	0.0	0.0	0.0	0.0	0.0	0.0025396057564397146	0.0	0.0	0.0	0.0	0.0	0.0	0.0	0.0	0.0	0.0	0.0	0.0	0.0	0.0	0.0	0.0	0.0	0.0	0.0	0.0	0.0
D_0__Bacteria;D_1__Patescibacteria;D_2__Saccharimonadia;D_3__Saccharimonadales;D_4__metagenome	0.0	0.0	0.0	0.0	0.0001007302946361118	0.0	0.0	0.0	0.0	0.0	0.0	0.0	0.0	0.0	0.0	0.0	0.0	0.0	0.0	0.0	0.0	0.0	0.0	0.0	0.0	0.0	0.0	0.0	0.0	0.0	0.0	0.0	0.0	0.0	0.0	0.0	0.0	0.0	0.0	0.0	0.0	0.0	0.0	0.0	0.0	0.0	0.0	0.0	0.0	0.0	0.0
D_0__Bacteria;D_1__Planctomycetes;D_2__Planctomycetacia;D_3__Isosphaerales;D_4__Isosphaeraceae	0.0	0.0	0.0	0.0	0.0	0.0	0.0	0.0	0.0007914523149980214	0.0	0.0	0.0	0.0	0.0	0.0	0.0	0.0	0.0	0.0	0.0	0.0	0.0	0.0	0.0	0.0	0.0	0.0	0.0	0.0	0.0	0.0	0.0	0.0	0.0	0.0	0.0	0.0	0.0	0.0	0.0	0.0	0.0	0.0	0.0	0.0	0.0	0.0	0.0	0.0	0.0	0.0
D_0__Bacteria;D_1__Proteobacteria;D_2__Alphaproteobacteria;D_3__Acetobacterales;D_4__Acetobacteraceae	0.0	0.0	0.0	0.00024338796040889178	0.0008058423570888946	0.001157764742204384	0.0	0.00010569707219110031	0.002374356944994064	8.21827744904668e-05	0.0	0.0	0.0005767012687427913	0.0	0.0	0.0	0.0	0.0	0.0	0.0	0.000767067246228586	0.0	0.0006702974444909929	7.398091292446548e-05	0.0	9.230201218386561e-05	0.0	0.00016160310277957336	0.0	0.0	0.0	0.0	0.0	0.0012211503236048357	0.0022007580388800586	0.0008384785425718424	0.002002288329519451	0.0	0.00010633772862611655	0.0	0.0	0.0	9.286775631500742e-05	0.0	0.0	0.5	0.0	0.0	0.0	0.0	0.0
D_0__Bacteria;D_1__Proteobacteria;D_2__Alphaproteobacteria;D_3__Azospirillales;D_4__Azospirillaceae	0.0	0.0	0.0	0.0	0.0	0.0	0.0	0.0	0.0	0.0	0.0	0.0	0.0	0.0	0.0	0.0	0.0	0.0	0.0	0.0016297458803645802	0.0	0.0	0.0	0.0	0.0	0.0	0.0	0.0	0.0	0.0	0.0	0.0	0.0	0.0	0.0	0.0	0.0	0.0	0.0	0.0	0.0	0.0	0.0	0.0	0.0	0.0	0.0	0.0	0.0	0.0	0.0
D_0__Bacteria;D_1__Proteobacteria;D_2__Alphaproteobacteria;D_3__Caulobacterales;D_4__Caulobacteraceae	0.0	0.0	0.0	0.0	0.00332409972299169	0.0035504785427601113	0.00017809439002671417	0.00031709121657330094	0.0	0.0	0.0	0.003335471456061578	0.0006920415224913495	0.0	0.0	0.0	0.0	0.0	0.004469727752945957	0.001991911631556709	0.003963180772181028	0.0006099686301847334	0.0	0.0	0.0002250562640660165	0.0	0.002352941176470588	0.0	0.0	0.0016326037005683879	0.0	0.0	0.0	0.0041519111002564415	0.0	0.0	0.0	0.0018278497839813892	0.0	0.0	0.0	0.0	0.00018573551263001485	0.0	0.0	0.0	0.0	0.0	0.0	0.0	0.0
D_0__Bacteria;D_1__Proteobacteria;D_2__Alphaproteobacteria;D_3__Elsterales;D_4__uncultured	0.0	0.0	0.0	0.0	0.00015109544195416772	0.0	0.0	0.0	0.0	0.0	0.0	0.0	0.0	0.0	0.0	0.0	0.0	0.0	0.0	0.0	0.0	0.0	0.0	0.0	0.0	0.0	0.0	0.0	0.0	0.0	0.0	0.0	0.0	0.0	0.0	0.0	0.0	0.0	0.0	0.0	0.0	0.0	0.0	0.0	0.0	0.0	0.0	0.0	0.0	0.0	0.0
D_0__Bacteria;D_1__Proteobacteria;D_2__Alphaproteobacteria;D_3__Micavibrionales;D_4__Micavibrionaceae	0.0	0.0	0.0	0.0	0.001561319566859733	0.0	0.0	0.0	0.0	0.0	0.0	0.0	0.0	0.0	0.0	0.0	0.0	0.0	0.0	0.0	0.0	0.0	0.0	0.0	0.0	0.0	0.0	0.0	0.0	0.0	0.0	0.0	0.0	0.0	0.0	0.0	0.0	0.0	0.0	0.0	0.0	0.0	0.0	0.0	0.0	0.0	0.0	0.0	0.0	0.0	0.0
D_0__Bacteria;D_1__Proteobacteria;D_2__Alphaproteobacteria;D_3__Rhizobiales;D_4__Beijerinckiaceae	0.0	0.0002998500749625187	0.0	0.0	0.002115336187358348	0.001234949058351343	0.003383793410507569	0.003910791671070711	0.005276348766653476	0.0	0.0	0.0010262989095574087	0.000461361014994233	0.00015444015444015445	0.0	0.0	0.0005312367190820229	0.0	0.0	0.007122593106778536	0.0051137816415239064	0.0	0.00025136154168412233	0.0	0.0	0.0	0.0	0.00016160310277957336	0.0	0.01433063248276696	0.0	0.0	0.0	0.009158627427036268	0.005257366426213474	0.0	0.00042906178489702515	0.0	0.00031901318587834965	0.0	0.0	0.0007892659826361484	0.0003714710252600297	0.003003003003003003	0.0	0.0	0.0	0.0	0.0	0.0	0.0
D_0__Bacteria;D_1__Proteobacteria;D_2__Alphaproteobacteria;D_3__Rhizobiales;D_4__Devosiaceae	0.0	0.0	0.0	0.0	0.0002518257365902795	0.0	0.0	0.0	0.0	0.0	0.0	0.0	0.0	0.0	0.0	0.0	0.0	0.0	0.0	0.0	0.0	0.0	0.0	0.0	0.0	0.0	0.0	0.0	0.0	0.0	0.0	0.0	0.0	0.0	0.0	0.0	0.0	0.0	0.0	0.0	0.0	0.0	0.0	0.0	0.0	0.0	0.0	0.0	0.0	0.0	0.0
D_0__Bacteria;D_1__Proteobacteria;D_2__Alphaproteobacteria;D_3__Rhizobiales;D_4__Hyphomicrobiaceae	0.0	0.0	0.0004481792717086835	0.0	0.0	0.0	0.0	0.0007398795053377022	0.0	0.0	0.00212408177714842	0.0	0.0	0.0	0.0	0.0	0.0	0.0	0.0	0.0	0.0	0.0007842453816660857	0.0	0.0	0.0	0.0	0.0	0.0	0.0	0.0	0.0	0.0	7.521624670928921e-05	0.0009769202588838686	0.0	0.0	0.0	0.0	0.0	0.0	0.0	0.0	0.0	0.0	0.0	0.0	0.0	0.0	0.0	0.0	0.0
D_0__Bacteria;D_1__Proteobacteria;D_2__Alphaproteobacteria;D_3__Rhizobiales;D_4__KF-JG30-B3	0.0	0.0	0.0	0.0	0.0	0.0	0.0	0.0	0.0	0.0	0.0	0.0	0.0	0.0	0.0	0.0	0.0	0.0	0.0	0.0	0.0	0.0	0.0	0.0	0.0	0.0	0.0	0.0	0.0	0.0	0.0	0.0	0.0	0.00036634509708145075	0.0	0.0	0.0	0.0	0.0	0.0	0.0	0.0	0.0	0.0	0.0	0.0	0.0	0.0	0.0	0.0	0.0
D_0__Bacteria;D_1__Proteobacteria;D_2__Alphaproteobacteria;D_3__Rhizobiales;D_4__Methyloligellaceae	0.0	0.0	0.0	0.0	0.0	0.0004631058968817536	0.0	0.0	0.0	0.0	0.0	0.0	0.0	0.0	0.0	0.0	0.0	0.0	0.0	0.0	0.0	0.0	0.0	0.0	0.0	0.0	0.0	0.0	0.0	0.0	0.0	0.0	0.0	0.0018317254854072536	0.0	0.0	0.0	0.0	0.0	0.0	0.0	0.0	0.0	0.0	0.0	0.0	0.0	0.0	0.0	0.0	0.0
D_0__Bacteria;D_1__Proteobacteria;D_2__Alphaproteobacteria;D_3__Rhizobiales;D_4__Rhizobiaceae	0.0	0.0017991004497751122	0.0013445378151260505	0.0	0.000554016620498615	0.002469898116702686	0.024042742653606407	0.0011626677941021033	0.01596095501912676	0.0009040105193951348	0.0	0.00654265554842848	0.000461361014994233	0.0	0.0012293249888243184	0.0004980389715495238	0.00042498937526561835	0.00010149193139145438	0.012799674928890696	0.006700066397054384	0.00882127333162874	0.004531195538515161	0.0005865102639296188	0.0008137900421691203	0.0	0.0020306442680450435	0.0013445378151260505	0.00016160310277957336	0.0014572161342970389	0.009130487362438022	0.0005439586591419052	0.0007051282051282052	0.003911244828883039	0.0029307607766516056	0.007702653136080206	0.0	0.007866132723112129	0.0012462612163509472	0.0	0.0	0.0	0.002367797947908445	9.286775631500742e-05	0.009009009009009009	0.00819672131147541	0.0	0.0	0.0	0.0	0.0	0.0
D_0__Bacteria;D_1__Proteobacteria;D_2__Alphaproteobacteria;D_3__Rhizobiales;D_4__Rhizobiales Incertae Sedis	0.0	0.0	0.0	0.0	0.0	0.001312133374498302	0.0	0.0	0.0	0.0	0.0	0.0	0.0	0.0	0.0	0.0	0.0	0.0	0.0	0.0	0.0	0.0	0.0	0.0	0.0	0.0	0.0	0.0	0.0	0.0	0.0	0.0	0.0	0.0	0.0	0.0	0.0	0.0	0.0	0.0	0.0	0.0	0.0	0.0	0.0	0.0	0.0	0.0	0.0	0.0	0.0
D_0__Bacteria;D_1__Proteobacteria;D_2__Alphaproteobacteria;D_3__Rhizobiales;D_4__Xanthobacteraceae	0.0	0.0	0.0	0.0	0.0004532863258625031	0.0012349490583513432	0.0	0.0014797590106754043	0.005144440047487139	0.0	0.0	0.0	0.0	0.0	0.0	0.0	0.0	0.0	0.004266558309630232	0.00024144383412808595	0.0	0.0	0.0	0.0	0.0003000750187546887	0.0	0.0	0.0	0.0	0.0015721368968436328	0.0	0.0	0.0	0.004029796067895958	0.0	0.0	0.0	0.0	0.0	0.0	0.0	0.0	0.0	0.0	0.0	0.0	0.0	0.0	0.0	0.0	0.0
D_0__Bacteria;D_1__Proteobacteria;D_2__Alphaproteobacteria;D_3__Rhodobacterales;D_4__Rhodobacteraceae	0.0	0.0	0.0	0.0	0.003374464870309746	0.0	0.0	0.0007398795053377022	0.0022424482258277274	0.0	0.002566598814054341	0.0	0.0002306805074971165	0.0	0.0	0.0	0.0	0.0009134273825230895	0.0	0.0004828876682561719	0.000383533623114293	0.0	0.00016757436112274822	0.0	0.0	0.0	0.004257703081232493	0.0	0.0	0.0	0.0	6.41025641025641e-05	0.0015795411808950733	0.0010990352912443521	0.0034234013938134245	0.008384785425718423	0.002717391304347826	0.0	0.0	0.0	0.0	0.0	0.0	0.018018018018018018	0.0	0.0	0.0	0.0	0.0	0.0	0.0
D_0__Bacteria;D_1__Proteobacteria;D_2__Alphaproteobacteria;D_3__Rickettsiales;D_4__Anaplasmataceae	5.4461781444871064e-05	0.0	0.0	0.0	0.0001007302946361118	0.00015436863229391788	0.0	0.00031709121657330094	0.0	0.0001643655489809336	0.0	0.0	0.00011534025374855825	0.00015444015444015445	0.00011175681716584712	0.0001867646143310714	0.00021249468763280918	0.00010149193139145438	0.0002031694433157253	0.0	0.00025568908207619537	0.0001742767514813524	8.378718056137411e-05	0.0	0.0	0.0002769060365515968	0.0	0.0	0.00011657729074376311	6.046680372475511e-05	0.0	0.0	0.00015043249341857841	0.0	0.0	7.622532205198568e-05	0.0	8.308408109006314e-05	0.0002126754572522331	0.0	0.00026451527575717496	0.0	0.0004643387815750371	0.0	0.0	0.0	0.0	0.0	0.0	0.0	0.0
D_0__Bacteria;D_1__Proteobacteria;D_2__Alphaproteobacteria;D_3__Sphingomonadales;D_4__Sphingomonadaceae	0.004574789641369169	0.0	0.00022408963585434174	0.0006490345610903781	0.006295643414756989	0.00015436863229391788	0.014247551202137134	0.001691153155057605	0.019390581717451522	0.0	0.0	0.02706863373957665	0.0021914648212226066	0.0	0.0	0.0005602938429932142	0.0	0.0009134273825230895	0.028240552620885817	0.01297760608438462	0.016364101252876503	0.004618333914255838	0.0005027230833682447	0.0	0.0006001500375093774	0.0027690603655159685	0.0	0.0	0.004021916530659827	0.02932639980650623	0.00020398449717821447	0.0	0.0	0.014775918915618512	0.008925296491013571	0.002744111593871484	0.00042906178489702515	0.0	0.0	0.0	0.0006612881893929374	0.0009865824782951855	0.0	0.0	0.0	0.0	0.0	0.0	0.0	0.0	0.0
D_0__Bacteria;D_1__Proteobacteria;D_2__Alphaproteobacteria;Other;Other	0.0	0.0	0.0	0.0	0.0	0.0	0.0	0.0	0.0	0.0	0.0	0.0	0.0	0.0	0.0	0.0	0.0	0.0	0.0	0.0	0.0	0.0	0.0	0.0	0.0	0.0	0.0	0.0	0.0	0.0	0.0	0.0	0.0	0.001465380388325803	0.0	0.0	0.0	0.0	0.0	0.0	0.0	0.0	0.0	0.0	0.0	0.0	0.0	0.0	0.0	0.0	0.0
D_0__Bacteria;D_1__Proteobacteria;D_2__Deltaproteobacteria;D_3__Bdellovibrionales;D_4__Bdellovibrionaceae	0.0	0.001649175412293853	0.0	0.0	0.0025182573659027953	7.718431614695894e-05	0.0	0.0	0.0	0.0	0.0	0.0	0.0	0.0	0.0	0.0	0.0	0.0	0.0	0.0006036095853202149	0.0	0.0	0.0	0.0	0.0	0.0	0.0	0.0	0.0	0.0	0.0	0.0	0.0	0.0	0.0	0.0	0.0	0.0	0.0	0.0	0.0	0.0	0.0	0.0	0.0	0.0	0.0	0.0	0.0	0.0	0.0
D_0__Bacteria;D_1__Proteobacteria;D_2__Deltaproteobacteria;D_3__Myxococcales;D_4__BIrii41	0.0	0.0	0.0	0.0	0.0	0.0	0.0	0.0	0.0	0.0	0.0	0.0	0.0	0.0	0.0	0.0	0.0	0.0	0.0	0.0	0.0	0.0	0.0	0.0	0.0	0.0	0.0	0.0	0.0	0.0	0.0	0.0	0.0	0.0	0.0	0.0	0.0	0.0	0.0	0.0	0.0005290305515143499	0.0	0.0	0.0	0.0	0.0	0.0	0.0	0.0	0.0	0.0
D_0__Bacteria;D_1__Proteobacteria;D_2__Deltaproteobacteria;D_3__Myxococcales;D_4__Haliangiaceae	0.0	0.0	0.0	0.0	0.0	0.0	0.0	0.0	0.0005276348766653475	0.0	0.0	0.0	0.0	0.0	0.0	0.0	0.0	0.0	0.0	0.0	0.0	0.0	0.0	0.0	0.0	0.0	0.0	0.0	0.0	0.0	0.0	0.0	0.0	0.0	0.0	0.0	0.0	0.0	0.0	0.0	0.0	0.0	0.0	0.0	0.0	0.0	0.0	0.0	0.0	0.0	0.0
D_0__Bacteria;D_1__Proteobacteria;D_2__Deltaproteobacteria;D_3__Myxococcales;D_4__Polyangiaceae	0.0	0.0	0.0	0.0	0.000503651473180559	0.0	0.0	0.0	0.0	0.0	0.0	0.0	0.0	0.0	0.0	0.0	0.0	0.0	0.0	0.0	0.0	0.0	0.0	0.0	0.0	0.0	0.0	0.0	0.0	0.0	0.0	0.0	0.0	0.0	0.0	0.0	0.0	0.0	0.0	0.0	0.0	0.0	0.0	0.0	0.0	0.0	0.0	0.0	0.0	0.0	0.0
D_0__Bacteria;D_1__Proteobacteria;D_2__Deltaproteobacteria;D_3__Myxococcales;Other	0.0	0.0	0.0	0.0	0.0	0.0	0.0	0.0	0.0	0.0	0.0	0.0	0.0	0.0	0.0	0.0	0.0	0.0	0.0	0.0	0.0	0.0	0.0	0.0	0.0	0.0	0.0	0.0	0.0	0.0061071471762002665	0.0	0.0	0.0	0.0	0.0	0.0	0.0	0.0	0.0	0.0	0.0	0.0	0.0	0.0	0.0	0.0	0.0	0.0	0.0	0.0	0.0
D_0__Bacteria;D_1__Proteobacteria;D_2__Deltaproteobacteria;D_3__Oligoflexales;D_4__Oligoflexaceae	0.0	0.0	0.0	0.0	0.0	0.0	0.0	0.0	0.0	0.0	0.0	0.0	0.0	0.0	0.0	0.0	0.0	0.0	0.0	0.0006036095853202149	0.0	0.0	0.0	0.0	0.0	0.0	0.0	0.0	0.0	0.0	0.0	0.0	0.0	0.0	0.0	0.0	0.0	0.0	0.0	0.0	0.0	0.0	0.0	0.0	0.0	0.0	0.0	0.0	0.0	0.0	0.0
D_0__Bacteria;D_1__Proteobacteria;D_2__Gammaproteobacteria;D_3__Aeromonadales;D_4__Aeromonadaceae	0.07660049560221115	0.0	0.0	0.0	0.0007051120624527827	0.0	0.0	0.0	0.004352987732489117	0.0	0.0	0.0039769082745349585	0.0	0.0	0.0	6.225487144369047e-05	0.0	0.00010149193139145438	0.0	0.0	0.001150600869342879	0.004182642035552457	0.0020946795140343527	0.0	0.0	0.0	0.0056022408963585435	0.0	0.0	0.0	0.0	0.0003205128205128205	0.004889056036103798	0.0	0.003545665729306761	0.0	0.01916475972540046	0.0	0.0	0.0	0.00013225763787858748	0.0	9.286775631500742e-05	0.009009009009009009	0.0	0.0	0.0	0.0	0.0	0.0	0.0
D_0__Bacteria;D_1__Proteobacteria;D_2__Gammaproteobacteria;D_3__Alteromonadales;D_4__Alteromonadaceae	0.0	0.0	0.0	0.0	0.0	0.0	0.0	0.0	0.0019786307874950534	0.0	0.0	0.0	0.0	0.0	0.0	0.0	0.0	0.0	0.0	0.0	0.0	0.0	0.0	0.0	0.0	9.230201218386561e-05	0.0	0.0	0.0	0.0	0.0	0.0	0.0	0.0	0.0	0.0	0.0	0.0	0.0	0.0	0.0	0.0	0.0	0.0	0.0	0.0	0.0	0.0	0.0	0.0	0.0
D_0__Bacteria;D_1__Proteobacteria;D_2__Gammaproteobacteria;D_3__Alteromonadales;D_4__Psychromonadaceae	0.0	0.0	0.0	0.0	0.0	0.0	0.0	0.0	0.0	0.0	0.0	0.0	0.0	0.0	0.0	0.0	0.0	0.0	0.0	0.0	0.0017898235745333673	0.0	0.0	0.0	0.0	0.0	0.002240896358543417	0.0	0.0	0.0	0.0	0.0	0.0	0.0	0.0	0.0	0.0	0.0	0.0	0.0	0.0	0.0	0.0	0.0	0.0	0.0	0.0	0.0	0.0	0.0	0.0
D_0__Bacteria;D_1__Proteobacteria;D_2__Gammaproteobacteria;D_3__Alteromonadales;D_4__Shewanellaceae	0.0	0.0	0.0	0.0	0.0	0.0	0.0	0.0	0.0	0.0	0.0	0.0	0.0	0.0	0.00011175681716584712	0.0	0.0	0.0	0.0	0.0	0.0	0.0006971070059254096	0.0	0.0	0.0	0.0	0.0	0.0	0.0	0.0	6.799483239273815e-05	0.0	0.0	0.0	0.0	0.0	0.0	0.0	0.0	0.0	0.0015870916545430499	0.0	0.0	0.0	0.0	0.0	0.0	0.0	0.0	0.0	0.0
D_0__Bacteria;D_1__Proteobacteria;D_2__Gammaproteobacteria;D_3__Betaproteobacteriales;D_4__Burkholderiaceae	0.003703401138251232	0.005247376311844077	0.006722689075630252	0.01695602790848613	0.05172500629564343	0.02979314603272615	0.031522707034728405	0.023253355882042064	0.20590951061865187	0.0004930966469428008	0.011770953181697496	0.1375240538806927	0.008189158016147636	0.0	0.0010058113544926242	0.0003735292286621428	0.0013812154696132596	0.006799959403227443	0.18813490451036166	0.041649061387094836	0.014957811301457426	0.02701289647960962	0.003016338500209468	0.00014796182584893096	0.000900225056264066	0.005630422743215803	0.06666666666666667	0.0009696186166774401	0.018244346001398928	0.1797678074736969	0.00020398449717821444	0.015641025641025645	0.017976682963520122	0.09415068994993282	0.2821860863186209	0.0030490128820794267	0.04419336384439359	0.000581588567630442	0.0017014036580178648	0.0056687974912555785	0.0026451527575717497	0.01440410418310971	0.001300148588410104	0.06606606606606606	0.02459016393442623	0.0	0.0	0.0	0.0	0.0	0.0
D_0__Bacteria;D_1__Proteobacteria;D_2__Gammaproteobacteria;D_3__Betaproteobacteriales;D_4__Chromobacteriaceae	0.0	0.0	0.0	0.0	0.0	0.0	0.0	0.0	0.0	0.0	0.0	0.0	0.0	0.0	0.0	0.0	0.0	0.0	0.0	0.0006036095853202149	0.0	0.0	0.0	0.0	0.0	0.0	0.0	0.0	0.0	0.0	0.0	0.0	0.0	0.0	0.0	0.0	0.0	0.0	0.0	0.0	0.0	0.0	0.0	0.0	0.0	0.0	0.0	0.0	0.0	0.0	0.0
D_0__Bacteria;D_1__Proteobacteria;D_2__Gammaproteobacteria;D_3__Betaproteobacteriales;D_4__Hydrogenophilaceae	0.0	0.0	0.0	0.0	0.0	0.0	0.0	0.0	0.0	0.0	0.0	0.0	0.0	0.0	0.0	0.0	0.0	0.0	0.0	0.0	0.0	0.0	0.0	0.0	0.0	0.0	0.0	0.0	0.0	0.0	0.0	0.0	0.0	0.0	0.0	0.0	0.0	0.0	0.0	0.0	0.0	0.0	0.00018573551263001485	0.0	0.0	0.0	0.0	0.0	0.0	0.0	0.0
D_0__Bacteria;D_1__Proteobacteria;D_2__Gammaproteobacteria;D_3__Betaproteobacteriales;D_4__Methylophilaceae	0.0	0.0	0.0	0.0	0.0	7.718431614695894e-05	0.0	0.0	0.0	0.0	0.0	0.0	0.0	0.0	0.0	0.0	0.0	0.0	0.0	0.0	0.0	0.0	0.0	0.0	0.0	0.0	0.0	0.0	0.0	0.0012093360744951022	0.0	0.0	0.0	0.0	0.0	0.0	0.0	0.0	0.0	0.0	0.0	0.0	0.0	0.0	0.0	0.0	0.0	0.0	0.0	0.0	0.0
D_0__Bacteria;D_1__Proteobacteria;D_2__Gammaproteobacteria;D_3__Betaproteobacteriales;D_4__Neisseriaceae	0.0	0.016041979010494752	0.0010084033613445378	0.001865974363134837	0.0	0.0	0.0	0.0	0.0	0.0	0.00035401362952473673	0.0010262989095574087	0.0	0.0	0.0	0.0	0.0	0.0006089515883487263	0.0	0.0006036095853202149	0.0	0.0	0.0	0.0	0.000450112528132033	0.0	0.0	0.0	0.0	0.0	0.0001359896647854763	0.0	0.0	0.0	0.00024452867098667317	0.0	0.002002288329519451	0.0	0.0018077413866439812	0.0	0.0	0.0	0.0	0.0	0.00819672131147541	0.0	0.0	0.0	0.0	0.0	0.0
D_0__Bacteria;D_1__Proteobacteria;D_2__Gammaproteobacteria;D_3__Betaproteobacteriales;D_4__Rhodocyclaceae	0.0	0.0	0.0	0.0	0.0	0.0	0.0	0.0	0.0	0.0	0.0	0.005259781911481719	0.0	0.0	0.0	0.0	0.0	0.0	0.0	0.0	0.0	0.0	0.0	0.0	0.0	0.0	0.0	0.0	0.0	0.0	0.0	0.0	0.0	0.0	0.0	0.0	0.0	0.0	0.0	0.0	0.0	0.0	0.0	0.0	0.0	0.0	0.0	0.0	0.0	0.0	0.0
D_0__Bacteria;D_1__Proteobacteria;D_2__Gammaproteobacteria;D_3__Betaproteobacteriales;D_4__SC-I-84	0.0	0.0	0.0	0.0	0.0	0.0	0.0	0.00021139414438220062	0.0031658092599920855	0.0	0.0	0.0	0.0	0.0	0.0	0.0	0.0	0.0	0.0	0.0	0.0	0.0	0.0	0.0	0.0	0.0	0.0	0.0	0.0	0.0	0.0	0.0	0.0	0.0	0.0	0.0	0.0	0.0	0.0	0.0	0.0	0.0	0.0	0.0	0.0	0.0	0.0	0.0	0.0	0.0	0.0
D_0__Bacteria;D_1__Proteobacteria;D_2__Gammaproteobacteria;D_3__Cardiobacteriales;D_4__Wohlfahrtiimonadaceae	0.0	0.0	0.0	0.0	0.0	0.0008490274776165483	0.0	0.0	0.0	0.0	0.0	0.0	0.0	0.0	0.0	0.0	0.0	0.0	0.0	0.002957686968069053	0.0	0.0	0.0	0.0	0.0	0.0	0.0	0.0	0.0	0.0	0.0	0.0	0.0	0.0	0.0	0.0	0.0	0.0	0.0	0.0	0.0	0.0	0.0	0.0	0.0	0.0	0.0	0.0	0.0	0.0	0.0
D_0__Bacteria;D_1__Proteobacteria;D_2__Gammaproteobacteria;D_3__Cellvibrionales;D_4__Cellvibrionaceae	0.0	0.0	0.0	0.0	0.0009569377990430622	0.0	0.0	0.0	0.0	0.0	0.0	0.0	0.0	0.0	0.0	0.0	0.0	0.0	0.0	0.00018108287559606446	0.0005113781641523907	0.0	0.0	0.0	0.0	0.0	0.0	0.0	0.0	0.0	0.0	0.0	0.0	0.00012211503236048357	0.0	0.0	0.0	0.0	0.0	0.0	0.0	0.0	0.0	0.0	0.0	0.0	0.0	0.0	0.0	0.0	0.0
D_0__Bacteria;D_1__Proteobacteria;D_2__Gammaproteobacteria;D_3__Diplorickettsiales;D_4__Diplorickettsiaceae	0.0	0.0	0.0	0.0	0.0	0.0	0.0	0.0	0.0	0.0	0.0	0.0	0.0	0.0	0.0	0.0	0.0	0.0	0.0	0.0	0.0	0.0	0.0	0.0	0.0	0.0	0.0	0.0	0.0	0.0	0.0	0.0	0.001053027453930049	0.0	0.0	0.0	0.0	0.0	0.0	0.0	0.0	0.0	0.0	0.0	0.0	0.0	0.0	0.0	0.0	0.0	0.0
D_0__Bacteria;D_1__Proteobacteria;D_2__Gammaproteobacteria;D_3__Enterobacteriales;D_4__Enterobacteriaceae	0.04324265446722763	0.016191904047976012	0.026666666666666672	0.04892098004218725	0.029765802064971043	0.012889780796542143	0.0678539626001781	0.1652045238346898	0.06015037593984962	0.004026955950032873	0.00973537481193026	0.06606799230275819	0.004959630911188005	0.0015444015444015446	0.0021233795261510952	0.923364253252817	0.00393115172120697	0.007510402922967624	0.08675335229581473	0.028671455302710206	0.015213500383533621	0.013332171488323457	0.0065354000837871806	0.002219427387733965	0.00172543135783946	0.033136422374007754	0.05322128851540616	0.0011312217194570137	0.32192818838890186	0.05514572499697667	0.0006119534915346433	0.005	0.027002632568634825	0.03504701428745878	0.054285364959041446	0.009223263968290266	0.08209382151029748	0.015453639082751745	0.004466184602296894	0.02388131709082137	0.010183838116651234	0.018646408839779006	0.0023216939078751853	0.23723723723723725	0.01639344262295082	0.0	1.0	0.0	0.0	0.0	0.0
D_0__Bacteria;D_1__Proteobacteria;D_2__Gammaproteobacteria;D_3__Legionellales;D_4__Legionellaceae	0.0	0.0	0.0	0.0	0.0	0.0	0.0	0.0	0.0	0.0	0.0	0.0	0.0	0.0	0.0	0.0	0.0	0.0	0.0	0.0013883020462364941	0.0	0.0	0.0	0.0	0.0	0.0	0.0	0.0	0.0	0.0007860684484218164	0.0	0.0	0.0	0.0	0.0	0.0	0.0	0.0	0.0	0.0	0.0	0.0	0.0	0.0	0.0	0.0	0.0	0.0	0.0	0.0	0.0
D_0__Bacteria;D_1__Proteobacteria;D_2__Gammaproteobacteria;D_3__Oceanospirillales;D_4__Halomonadaceae	0.0	0.0	0.0	0.0	0.0	0.0	0.0	0.0	0.0	0.0	0.0	0.0	0.0	0.0	0.0	0.0	0.0	0.0	0.0	0.0	0.0	0.0	0.0	0.0	0.0	0.0	0.0	0.0	0.0	0.0	0.0	0.0009615384615384616	0.0	0.0	0.001222643354933366	0.0	0.0	0.0	0.0	0.0	0.0	0.0	0.0	0.0	0.0	0.0	0.0	0.0	0.0	0.0	0.0
D_0__Bacteria;D_1__Proteobacteria;D_2__Gammaproteobacteria;D_3__Oceanospirillales;D_4__Marinomonadaceae	0.0	0.0	0.0	0.0	0.0	0.0	0.0	0.0	0.0	0.0	0.0	0.0	0.0	0.0	0.0	0.0	0.0	0.0	0.0	0.0	0.0	0.0	0.0	0.0	0.0	0.0	0.0	0.0	0.0	0.0	0.0	0.0003205128205128205	0.0	0.0	0.0	0.0	0.0	0.0	0.0	0.0	0.0	0.0	0.0	0.0	0.0	0.0	0.0	0.0	0.0	0.0	0.0
D_0__Bacteria;D_1__Proteobacteria;D_2__Gammaproteobacteria;D_3__Pasteurellales;D_4__Pasteurellaceae	0.0	0.0782608695652174	0.006386554621848739	0.002190491643680026	0.0	0.0	0.0	0.001691153155057605	0.0	0.0004930966469428008	0.004071156739534472	0.0028223220012828735	0.000461361014994233	0.0	0.0	0.0001867646143310714	0.0	0.0	0.0	0.0012675801291724513	0.0	0.0	0.0	0.0	0.0	0.0010153221340225217	0.0	0.0	0.0011074842620657495	0.0019954045229169186	0.0	0.0	0.0023317036479879654	0.0	0.0008558503484533561	0.0006098025764158854	0.0	0.0007477567298105683	0.0009570395576350489	0.009528404293812567	0.0	0.0	0.0	0.0	0.0	0.0	0.0	0.0	0.0	0.0	0.0
D_0__Bacteria;D_1__Proteobacteria;D_2__Gammaproteobacteria;D_3__Pseudomonadales;D_4__Moraxellaceae	0.011790975682814587	0.0011994002998500749	0.008739495798319327	0.03894207366542268	0.03263661546210023	0.004785427601111454	0.02190560997328584	0.013846316457034139	0.08771929824561404	0.0	0.006726258960969997	0.21154586273252082	0.004728950403690888	0.0	0.00581135449262405	0.0024901948577476193	0.0	0.006901451334618897	0.02824055262088582	0.01255507937466047	0.06379442597801074	0.0015684907633321714	0.005613741097612065	0.0	0.001800450112528132	0.013383791766660514	0.010084033613445379	0.0009696186166774402	0.011133131266029378	0.017112105454105696	0.0002719793295709526	0.005384615384615384	0.01775103422339225	0.025644156795701548	0.02298569507274728	0.0	0.0584954233409611	0.0	0.0005316886431305827	0.0	0.0010580611030286998	0.0002959747434885556	0.0005572065378900445	0.08108108108108109	0.04918032786885246	0.0	0.0	0.0	0.0	0.0	0.0
D_0__Bacteria;D_1__Proteobacteria;D_2__Gammaproteobacteria;D_3__Pseudomonadales;D_4__Pseudomonadaceae	0.002260163929962149	0.0002998500749625187	0.0003361344537815126	0.00024338796040889178	0.010979602115336185	0.011114541525162086	0.028138913624220836	0.004439277032026213	0.04999340456404169	0.0009040105193951348	0.005487211257633419	0.07004490057729314	0.00865051903114187	0.0	0.0003352704514975414	0.00018676461433107144	0.0	0.0024358063533949053	0.03149126371393742	0.011710025955212169	0.08859626693940169	0.004531195538515162	0.0034352744030163385	0.0	0.0	0.0	0.002352941176470588	0.0	0.12013289811144788	0.03023340186237755	6.799483239273815e-05	0.001858974358974359	0.023016171493042498	0.010746122847722554	0.04536006846802788	0.0	0.007866132723112129	0.0004985044865403788	0.0	0.003135930527077554	0.0017193492924216373	0.002959747434885557	0.00018573551263001485	0.024024024024024024	0.0	0.0	0.0	0.0	0.0	0.0	0.0
D_0__Bacteria;D_1__Proteobacteria;D_2__Gammaproteobacteria;D_3__Vibrionales;D_4__Vibrionaceae	0.0	0.0	0.0	0.0	0.0	0.0	0.0	0.0	0.0	0.0	0.0	0.0	0.0	0.0	0.0	0.0	0.0	0.0	0.0	0.001991911631556709	0.0	0.0	0.0	0.0	0.0	0.0	0.0	0.0	0.0	0.0	0.0	0.0	0.0	0.0	0.0	0.0	0.0	0.0	0.0	0.0	0.0	0.0	0.0	0.0	0.0	0.0	0.0	0.0	0.0	0.0	0.0
D_0__Bacteria;D_1__Proteobacteria;D_2__Gammaproteobacteria;D_3__Xanthomonadales;D_4__Rhodanobacteraceae	0.0	0.0	0.0	0.0	0.0	0.0	0.0	0.0	0.0	0.0	0.0	0.0	0.0	0.0	0.0	0.0	0.0	0.0	0.0	0.0009657753365123438	0.0	0.0	0.0	0.0	0.0	0.0	0.0	0.0	0.0	0.0	0.0	0.0	0.0	0.00341922090609354	0.0	0.0	0.0	0.0	0.0	0.0	0.0	0.0	0.0	0.0	0.0	0.0	0.0	0.0	0.0	0.0	0.0
D_0__Bacteria;D_1__Proteobacteria;D_2__Gammaproteobacteria;D_3__Xanthomonadales;D_4__Xanthomonadaceae	0.0	0.0	0.00011204481792717087	8.112932013629726e-05	0.0012591286829513975	0.00030873726458783575	0.0	0.0013740619384843041	0.007914523149980214	0.0	0.0	0.0	0.0010380622837370243	0.0	0.0	0.0002490194857747619	0.0	0.0	0.0	0.003199130802197139	0.0	0.0	0.0	0.0	0.0008252063015753939	0.0	0.0	0.0	0.0019235252972720914	0.005018744709154674	0.0	0.0001282051282051282	7.521624670928921e-05	0.000854805226523385	0.0	0.0	0.00014302059496567506	0.0	0.0	0.0	0.0	0.0	0.0	0.0	0.0	0.0	0.0	0.0	0.0	0.0	0.0
D_0__Bacteria;D_1__Proteobacteria;D_2__Gammaproteobacteria;Other;Other	0.0	0.0	0.0	0.0	0.0	0.0	0.0	0.0	0.0	0.0	0.0	0.0	0.0	0.0	0.0	0.0	0.0	0.0	0.0	0.0	0.0	0.0	0.0	0.0	0.0	0.0	0.0	0.0	0.0	0.0	0.0	0.0	0.0	0.0	0.0	0.0	0.0	0.0	0.0	0.0	0.0	0.0	0.00018573551263001485	0.0	0.0	0.0	0.0	0.0	0.0	0.0	0.0
D_0__Bacteria;D_1__Spirochaetes;D_2__Spirochaetia;D_3__Spirochaetales;D_4__Spirochaetaceae	0.0	0.0	0.0019047619047619048	0.0	0.0	0.0	0.0	0.0	0.0	0.0	0.0	0.0	0.0	0.0	0.0	0.0	0.0	0.0	0.0	0.0	0.0	0.0	0.0	0.0	0.0	0.0	0.0	0.0	0.0	0.0	0.0	0.0	0.0	0.0	0.0	0.0	0.0	0.0	0.0	0.0	0.0	0.0	0.0	0.0	0.0	0.0	0.0	0.0	0.0	0.0	0.0
D_0__Bacteria;D_1__Synergistetes;D_2__Synergistia;D_3__Synergistales;D_4__Synergistaceae	0.0	0.0	0.0	0.0	0.0	0.0	0.0	0.0	0.0	0.0	0.0	0.0	0.0	0.0	0.0	0.0	0.0	0.0	0.0	0.0	0.0	0.0	0.0	0.0	0.0	0.0	0.0	0.0	5.8288645371881555e-05	0.0	0.0	0.0	0.0	0.0	0.0	0.0	0.0	0.0	0.0	0.0	0.0	0.0	9.286775631500742e-05	0.0	0.0	0.0	0.0	0.0	0.0	0.0	0.0
D_0__Bacteria;D_1__Tenericutes;D_2__Mollicutes;D_3__Entomoplasmatales;D_4__Spiroplasmataceae	0.0	0.0	0.0	0.0	0.0	0.002624266748996604	0.0	0.0	0.0	0.0	0.0	0.0	0.0	0.0	0.0	0.0	0.0	0.0	0.0	0.0	0.0	0.0	0.0	0.0	0.0	0.0	0.0	0.0	0.0	0.0	0.0	0.0	0.0	0.0	0.0	0.0	0.0	0.0	0.0	0.0	0.0	0.0	0.0	0.0	0.0	0.0	0.0	0.0	0.0	0.0	0.0
D_0__Bacteria;D_1__Tenericutes;D_2__Mollicutes;D_3__Mycoplasmatales;D_4__Mycoplasmataceae	0.00013615445361217764	0.0	0.00011204481792717087	0.0	0.0	0.0010805804260574253	0.0	0.0	0.002638174383326738	0.06911571334648257	0.0	0.0	0.0	0.0	0.02939204291461779	0.00012450974288738095	0.0	0.0003044757941743631	0.004266558309630231	0.0013883020462364941	0.0	0.04234925060996863	0.0005027230833682447	0.0	0.0009752438109527382	0.14454495107993354	0.02689075630252101	0.00016160310277957336	0.0011074842620657497	0.0	0.002175834636567621	0.0001282051282051282	0.021210981572019557	0.046525827329344245	0.3341484289032889	0.0010671545087277993	0.04619565217391304	0.3700564971751412	0.0	0.010010855144132191	0.004364502049993387	0.04301499605367009	0.0	0.0	0.02459016393442623	0.0	0.0	0.0	0.0	0.0	0.0
D_0__Bacteria;D_1__Verrucomicrobia;D_2__Verrucomicrobiae;D_3__Chthoniobacterales;D_4__Chthoniobacteraceae	0.0	0.0	0.0	0.0	0.00015109544195416772	0.0	0.0	0.0	0.0009233610341643582	0.0	0.0007080272590494735	0.0	0.0	0.0	0.0	0.0	0.0	0.0	0.0	0.0028973260095370313	0.0	0.0	0.0	0.0	0.0	0.0	0.0	0.0	0.001981813942643973	0.0	0.0	0.0	0.0	0.0	0.0	0.0	0.0	0.0	0.0	0.0	0.0	0.0	0.0	0.0	0.0	0.0	0.0	0.0	0.0	0.0	0.0
D_0__Bacteria;D_1__Verrucomicrobia;D_2__Verrucomicrobiae;D_3__Verrucomicrobiales;D_4__Akkermansiaceae	0.0	0.0	0.0	0.0	0.001561319566859733	0.0	0.003918076580587711	0.0011626677941021033	0.0	0.0	0.0	0.0	0.0	0.0	0.0	0.0	0.0	0.0	0.0	0.0	0.0	0.0	0.0	0.0	0.0	0.0	0.0	0.0	0.0	0.0	0.0	0.0	0.0	0.0	0.0	0.0	0.0	0.0	0.0	0.0	0.0	0.0	0.0	0.0	0.0	0.0	0.0	0.0	0.0	0.0	0.0
D_0__Bacteria;D_1__Verrucomicrobia;D_2__Verrucomicrobiae;D_3__Verrucomicrobiales;D_4__Rubritaleaceae	0.0	0.0	0.0	0.0	0.0002014605892722236	0.0	0.0	0.0	0.0	0.0	0.0	0.0	0.0	0.0	0.0	0.0	0.0	0.0	0.0	0.0	0.0	0.0	0.0	0.0	0.0	0.0	0.0	0.0	0.0	0.0	0.0	0.0	0.0	0.0	0.0	0.0	0.0	0.0	0.0	0.0	0.0	0.0	0.0	0.0	0.0	0.0	0.0	0.0	0.0	0.0	0.0
D_0__Bacteria;D_1__Verrucomicrobia;D_2__Verrucomicrobiae;D_3__Verrucomicrobiales;D_4__Verrucomicrobiaceae	0.0	0.0	0.0	0.0	0.0	0.0	0.0	0.0006341824331466019	0.0	0.0	0.0	0.0	0.0	0.0	0.0	0.0	0.0	0.0	0.0	0.0	0.0	0.0	0.0	0.0	0.0	0.0	0.0	0.0	0.0	0.0	0.0	0.0	0.0	0.0	0.0	0.0	0.0	0.0	0.0	0.0	0.0	0.0	0.0	0.0	0.0	0.0	0.0	0.0	0.0	0.0	0.0
D_0__Bacteria;D_1__WPS-2;Ambiguous_taxa;Ambiguous_taxa;Ambiguous_taxa	0.0	0.0	0.0	0.0	0.0	0.0	0.0	0.0	0.0	0.0	0.0	0.0	0.0	0.0	0.0	0.0	0.0	0.0	0.0	0.0	0.0	0.0	0.0	0.0	0.0	0.0	0.0	0.0	0.0	0.0	0.0	0.0	0.0	0.00036634509708145075	0.0	0.0	0.0	0.0	0.0	0.0	0.0	0.0	0.0	0.0	0.0	0.0	0.0	0.0	0.0	0.0	0.0
D_0__Bacteria;Other;Other;Other;Other	8.169267216730659e-05	0.00014992503748125936	0.0	0.0	0.0	0.0	0.0	0.0	0.0	8.21827744904668e-05	0.0	0.0	0.0	0.0	0.00011175681716584712	0.0	0.0	0.0	0.0	6.036095853202149e-05	0.00012784454103809768	0.0	8.378718056137411e-05	7.398091292446548e-05	0.0	9.230201218386561e-05	0.0004481792717086835	0.0	0.00011657729074376311	6.046680372475511e-05	0.0	6.41025641025641e-05	0.0002256487401278676	0.00012211503236048357	0.0	0.0	0.00014302059496567506	0.0	0.0	0.0	0.00026451527575717496	0.0	0.0	0.0	0.0	0.0	0.0	0.0	0.0	0.0	0.0
Unassigned;Other;Other;Other;Other	0.05574163330882554	0.018290854572713643	0.09613445378151264	0.03748174590296932	0.00815915386552506	0.00725532571781414	0.07711487088156724	0.06045872529330937	0.14061469463131515	0.0023833004602235373	0.007788299849544208	0.02552918537524054	0.016839677047289503	0.0006177606177606178	0.003687974966472955	0.002739214343522381	0.004356141096472588	0.011062620521668527	0.06379520520113774	0.015935293052453676	0.051904883661467664	0.036859532938306024	0.004859656472559698	0.0017015609972627062	0.012453113278319581	0.04310503968986523	0.06689075630252102	0.0046864899806076275	0.02156679878759618	0.021223848107389053	0.002787788128102264	0.0019871794871794872	0.027228281308762686	0.03480278422273782	0.012104169213840324	0.010290418477018067	0.03718535469107551	0.005649717514124295	0.009038706933219906	0.07731274876371969	0.04549662743023409	0.02002762430939227	0.008079494799405645	0.03303303303303304	0.05737704918032787	0.5	0.0	1.0	0.0	0.0	0.0